1111111111111111111111111111111111111111111111111111111111111111111111111111111111111111111111111111
1111111111111111111111111111111111111111111111111111111111111111111111111111111111111111111111111111
1111111111111111111111111111111111111111111111111111111111111111111111111111111111111110000111111111
1111111111111111111111111111111111111111111111111111111111111111111111111111111111111100000011111111
1111111111111111111111111111111111111111111111111111111111111111111111111111111111111000000011111111
1111111111111111111111111111111111111111111111111111111111111111111111111111111111110001000111111111
1111111111111111111111111111111111111111111111111111111111111111111111111111111111100011001111111111
1111111111111111111111111111111111111111111111111111111111111111111111111111111111100110001111111111
1111111111111111111111111111111111111111111111111111111111111111111111111111111111001100011111111111
1111111111111111111111111111111111111111111111111111111111111111111111111111111110001100111111111111
1111111111111111111111111111111111111111111111111111111111111111111111111111111110011001111111111111
1111111111111111111111111111111111111111111111111111111111111111111111111111111100010011111111111111
1111111111111111111111111111100111111111111111111111111111111111111111111111111000100011111111111111
1111111111111111111111111111000011111000111111111111111111111111111110001111111001000111111111111111
1111111111111111111111111111000111111000111111111000001111111111111100001111110000001111111111111111
1111111111111111111111111111000111110000111111100000001111111111111000001111110000011111111111111111
1111111111111111111111111110000111100001111111000000000111100111110000011111100000111111111111111111
1111111111111111111111111110001111100001111100000000000110000011100000011111000001110001111111111111
1111111111111111111111111100001111000011111000000010001100000011000100111111000011100000111111111111
1111111111111111111111111000001110000011110000001100001000000010001100111110000111000000111111111111
1111111111111111111111111000011100000111100000111100000000100000011000111100001110000001111111111111
1111111111111111111111110000011000000110000001111000000001000000111000110000011100000001111111111111
1111111111111111111111100000010000000100000011110000000011000000111000000000011000100011111111111111
1111111111111111111111000100000011000000000011000000000111000001111100000000010001100111111111111111
1111111111111111111110001100000111000000100000000000001111000011111110001100000011000111111111111111
1111111111111111111100011000001111100001100000001000011111000111111111111100000110001111111111111111
1111111111111111111000111000011111111111110000111101111111111111111111111100001100011111111111111111
1111111111111111100001111000011111111111111111111111111111111111111111111000011000111111111111111111
1111111111111111100111110000111111111111111111111111111111111111111111111000000001111111111111111111
1111111111111111111111110001111111111111111111111111111111111111111111110000000011111111111111111111
1111111111111111111111100011111111111111111111111111111111111111111111110000000111111111111111111111
1111111111111111111111000011111111111111111111111111111111111111111111100011111111111111111111111111
1111111111111111111110000111111111111111111111111111111111111111111111000111111111111111111111111111
1111111111111111111100000111111111111111111111111111111111111111111110001111111111111111111111111111
1111111111111111111000001111111111111111111111111111111111111111111100011111111111111111111111111111
1111111111111111110000001111111111111111111111111111111111111111111000011111111111111111111111111111
1111111111111111100000011111111111111111111111111111111111111111111000111111111111111111111111111111
1111111111111111000100011111111111111111111111111111111111111111110000111111111111111111111111111111
1111111111111110001100111111111111111111111111111111111111111111100011111111111111111111111111111111
1111111111111110011000111111111111111111111111111111111111111111000111111111111111111111111111111111
1111111111111100110001111111111111111111111111111111111111111111001111111111111111111111111111111111
1111111111111000110011111111111111111111111111111111111111111110001111111111111111111111111111111111
1111111111110001100011111111111111111111111111111111111111111100011111111111111111111111111111111111
1111111111110011000111111111111111111111111111111111111111111100111111111111111111111111111111111111
1111111111100111001111111111111111111111111111111111111111111000111111111111111111111111111111111111
1111111111000110001111111111111111111111111111111111111111111001111111111111111111111111111111111111
1111111111001100011111111111111111111111111111111111111111110001111111111111111111111111111111111111
1111111110001100111111111111111111111111111111111111111111110011111111111111111111111111111111111111
1111111100011001111111111111111111111111111111111111111111100111111111111111111111111111111111111111
1111111100110001111111111111111111111111111111111111111111100111111111111111111111111111111111111111
1111111000100011111111111111111111111111111111111111111111001111111111111111111111111111111111111111
1111111000000111111111111111111111111111111111111111111111001111111111111111111111111111111111111111
1111110000001111111111111111111111111111111111111111111110001111111111111111111111111111111111111111
1111110000011111111111111111111111111111111111111111111110011111111111111111111111111111111111111111
1111100000111111111111111111111111111111111111111111111100011111111111111111111111111111111111111111
1111110011111111111111111111111111111111111111111111111100011111111111111111111111111111111111111111
1111111111111111111111111111111111111111111111111111111100011111111111111111111111111111111111111111
1111111111111111111111111111111111111111111111111111111111111111111111111111111111111111111111111111
1111111111111111111111111111111111111111111111111111111111111111111111111111111111111111111111111111
1111111111111111111111111111111111111111111111111111111111111111111111111111111111111111111111111111
