1111111111111111111111111111111111111111111111111111111111111111111111111111111111111111111111111111
1111111111111111111111111111111111111111111111111111111111111111111111111111111111111111111111111111
1111111111111111111111111111111111111111111111111111111111111111111111111111111111111111111111111111
1111111111111111111111111111111111111111111111111111111111111111111111111111111111111111100001111111
1111111111111111111111111111111111111111111111111111111111111111111111111111111111111111000001111111
1111111111111111111111111111111111111111111111111111111111111111111111111111111111111110000001111111
1111111111111111111111111111111111111111111111111111111111111111111111111111111111111110000001111111
1111111111111111111111111111111111111111111111111111111111111111111111111111111111111100000001111111
1111111111111111111111111111111111111111111111111111111111111111111111111111111111111000010011111111
1111111111111111111111111111111111111111111111111111111111111111111111111111111111111000100011111111
1111111111111111111111111111111111111111111111111111111111111111111111111111111111110001100011111111
1111111111111111111111111111111111111111111111111111111111111111111111111111111111100001000111111111
1111111111111111111111111111111111111111111111111111111111111111111111111111111111100011000111111111
1111111111111111111111111111111100011111111111111111111111111111111111111111111111000010001111111111
1111111111111111111111111111111100001111111111111111111111111111111111111111111111000100011111111111
1111111111111111111111111111111000001111111111111111111111111111111111111111111110001000011111111111
1111111111111111111111111111111000011111111111111111111111111111100011111111111110001000111111111111
1111111111111111111111111111110000111100111111111110001111111111000011111001111100000001111111111111
1111111111111111111111111111110000111000011111110000000011111100000011110000111100000001111111111111
1111111111111111111111111111100001111000011111000000000001111000000011100000111100000011111111111111
1111111111111111111111111111000001110000011100000000000000110000000111000000111000000100111111111111
1111111111111111111111111110000011100000011000000000000000100000000110000001110000000000011111111111
1111111111111111111111111100000011000000110000000011000000000010001100000001100000010000011111111111
1111111111111111111111111000000111000000100000000111000000000110001000000000000001000000011111111111
1111111111111111111111110000000110000000000000001110000000001100000000010000000000000000111111111111
1111111111111111111111100001000100000000000100011100000000001100000000111000000010000001111111111111
1111111111111111111110000011000000000000001100000000000000011100000001111111000000000011111111111111
1111111111111111111000000110000000110000011100000000010000111110000011111111100000000111111111111111
1111111111111111110000001110000001111001111110000001111111111111001111111111100000001111111111111111
1111111111111111111000111110000011111111111111100011111111111111111111111111100000011111111111111111
1111111111111111111111111100000111111111111111111111111111111111111111111111000000111111111111111111
1111111111111111111111111100001111111111111111111111111111111111111111111110000111111111111111111111
1111111111111111111111111000011111111111111111111111111111111111111111111100001111111111111111111111
1111111111111111111111110000111111111111111111111111111111111111111111111100011111111111111111111111
1111111111111111111111100000111111111111111111111111111111111111111111111000111111111111111111111111
1111111111111111111111000001111111111111111111111111111111111111111111110001111111111111111111111111
1111111111111111111110000001111111111111111111111111111111111111111111110001111111111111111111111111
1111111111111111111100000011111111111111111111111111111111111111111111100011111111111111111111111111
1111111111111111111000000011111111111111111111111111111111111111111111100011111111111111111111111111
1111111111111111110000000111111111111111111111111111111111111111111111000111111111111111111111111111
1111111111111111100000001111111111111111111111111111111111111111111111000111111111111111111111111111
1111111111111111000000001111111111111111111111111111111111111111111110001111111111111111111111111111
1111111111111111000100011111111111111111111111111111111111111111111110001111111111111111111111111111
1111111111111110001000011111111111111111111111111111111111111111111100011111111111111111111111111111
1111111111111100011000111111111111111111111111111111111111111111111100011111111111111111111111111111
1111111111111000010001111111111111111111111111111111111111111111111000111111111111111111111111111111
1111111111111000100011111111111111111111111111111111111111111111111000111111111111111111111111111111
1111111111110001000011111111111111111111111111111111111111111111110001111111111111111111111111111111
1111111111100011000111111111111111111111111111111111111111111111110001111111111111111111111111111111
1111111111100010001111111111111111111111111111111111111111111111110001111111111111111111111111111111
1111111111000100011111111111111111111111111111111111111111111111110001111111111111111111111111111111
1111111110000000011111111111111111111111111111111111111111111111111011111111111111111111111111111111
1111111110001000111111111111111111111111111111111111111111111111111111111111111111111111111111111111
1111111100000001111111111111111111111111111111111111111111111111111111111111111111111111111111111111
1111111100000011111111111111111111111111111111111111111111111111111111111111111111111111111111111111
1111111000000111111111111111111111111111111111111111111111111111111111111111111111111111111111111111
1111111100001111111111111111111111111111111111111111111111111111111111111111111111111111111111111111
1111111100111111111111111111111111111111111111111111111111111111111111111111111111111111111111111111
1111111111111111111111111111111111111111111111111111111111111111111111111111111111111111111111111111
1111111111111111111111111111111111111111111111111111111111111111111111111111111111111111111111111111
