1111111111111111111111111111111111111111111111111111111111111111111111111111111111111111111111111111
1111111111111111111111111111111111111111111111111111111111111111111111111111111111111111111111111111
1111111111111111111111111111111111111111111111111111111111111111111111111111111111111111111111111111
1111111111111111111111111111111111111111111111111111111111111111111111111111111111111111111111111111
1111111111111111111111111111111111111111111111111111111111111111111111111111111111111111111111111111
1111111111111111111111111111111111111111111111111111111111111111111111111111111111111111111111111111
1111111111111111111111111111111111111111111111111111111111111111111111111111111111111111111111000111
1111111111111111111111111111111111111111111111111111111111111111111111111111111111111111111100000111
1111111111111111111111111111111111111111111111111111111111111111111111111111111111111111110000001111
1111111111111111111111111111111111111111111111111111111111111111111111111111111111111111100000001111
1111111111111111111111111111111111111111111111111111111111111111111111111111111111111110000100111111
1111111111111111111111111111111111111111111111111111111111111111111111111111111111111100001000111111
1111111111111111111111111111111111111111111111111111111111111111111111111111111111111000110001111111
1111111111111111111111111111111111111111111111111111111111111111111111111111111111110001100011111111
1111111111111111111111111111111111111111111111111111111111111111111111111111111111100011000111111111
1111111111111111111111111111111100111111111111111111111111111111111111111111111111000110001111111111
1111111111111111111111111111111000011111111111111111111111111111111111111111111110001100111111111111
1111111111111111111111111111110000111111111111111111111111111111111111111111111100010001111111111111
1111111111111111111111111111110001111111111111111111111111111111111111111111111000100011111111111111
1111111111111111111111111111100001111111111111111111111111111111111111111111111001000111111111111111
1111111111111111111111111111000011111111111111111111111111111111110001111111110000001111111111111111
1111111111111111111111111110000111111011111110000111111111000111100001111111100000011111111111111111
1111111111111111111111111100000111100001111000000111111100000111000001111111000000111111111111111111
1111111111111111111111111000001111100001110000000011111000000110000011111111000011111111111111111111
1111111111111111111111110000001110000001000000000011110001000100000011111110000111101111111111111111
1111111111111111111111100000011000000010000001100001100011000000000111111000001100000111111111111111
1111111111111111111111000100110000000100000011100000000110000000000111100000011000000111111111111111
1111111111111111111100001000100000000000000011000000001110000010001110000000000000000111111111111111
1111111111111111110000011000000100000001000110000000011110000110000000001100000000011111111111111111
1111111111111111100001110000001110000011000000000000111110001110000000011100000000111111111111111111
1111111111111111111111110000011111100111110000011111111111111111000001111100000011111111111111111111
1111111111111111111111100000111111111111111111111111111111111111111111111000001111111111111111111111
1111111111111111111111100011111111111111111111111111111111111111111111110001111111111111111111111111
1111111111111111111111000111111111111111111111111111111111111111111111100011111111111111111111111111
1111111111111111111110000111111111111111111111111111111111111111111110001111111111111111111111111111
1111111111111111111100001111111111111111111111111111111111111111111100011111111111111111111111111111
1111111111111111110000011111111111111111111111111111111111111111111000111111111111111111111111111111
1111111111111111100000011111111111111111111111111111111111111111110001111111111111111111111111111111
1111111111111111000000111111111111111111111111111111111111111111100011111111111111111111111111111111
1111111111111111001000111111111111111111111111111111111111111111100111111111111111111111111111111111
1111111111111100010001111111111111111111111111111111111111111111000111111111111111111111111111111111
1111111111111100110011111111111111111111111111111111111111111110001111111111111111111111111111111111
1111111111111001100011111111111111111111111111111111111111111110011111111111111111111111111111111111
1111111111110001000111111111111111111111111111111111111111111100011111111111111111111111111111111111
1111111111100010001111111111111111111111111111111111111111111100111111111111111111111111111111111111
1111111111000110011111111111111111111111111111111111111111111000111111111111111111111111111111111111
1111111110001100011111111111111111111111111111111111111111111001111111111111111111111111111111111111
1111111100011000111111111111111111111111111111111111111111111001111111111111111111111111111111111111
1111111100110001111111111111111111111111111111111111111111111000111111111111111111111111111111111111
1111111001100011111111111111111111111111111111111111111111111000111111111111111111111111111111111111
1111110001000111111111111111111111111111111111111111111111111111111111111111111111111111111111111111
1111110010001111111111111111111111111111111111111111111111111111111111111111111111111111111111111111
1111100000011111111111111111111111111111111111111111111111111111111111111111111111111111111111111111
1111000000111111111111111111111111111111111111111111111111111111111111111111111111111111111111111111
1111000001111111111111111111111111111111111111111111111111111111111111111111111111111111111111111111
1111000111111111111111111111111111111111111111111111111111111111111111111111111111111111111111111111
1111111111111111111111111111111111111111111111111111111111111111111111111111111111111111111111111111
1111111111111111111111111111111111111111111111111111111111111111111111111111111111111111111111111111
1111111111111111111111111111111111111111111111111111111111111111111111111111111111111111111111111111
1111111111111111111111111111111111111111111111111111111111111111111111111111111111111111111111111111
