1111111111111111111111111111111111111111111111111111111111111111111111111111111111111111111111111111
1111111111111111111111111111111111111111111111111111111111111111111111111111111111111111111111111111
1111111111111111111111111111111111111111111111111111111111111111111111111111111111111111111111111111
1111111111111111111111111111111111111111111111111111111111111111111111111111111111111111111111111111
1111111111111111111111111111111111111111111111111111111111111111111111111111111111111111111111111111
1111111111111111111111111111111111111111111111111111111111111111111111111111111111111111111111111111
1111111111111111111111111111111111111111111111111111111111111111111111111111111111111111000000111111
1111111111111111111111111111111111111111111111111111111111111111111111111111111111111110000000111111
1111111111111111111111111111111111111111111111111111111111111111111111111111111111111100000001111111
1111111111111111111111111111111111111111111111111111111111111111111111111111111111111000010001111111
1111111111111111111111111111100111111111111111111111111111111111111111111111111111111000110011111111
1111111111111111111111111111000011111111111111111111111111111111111111111111111111110001100011111111
1111111111111111111111111110000111111111111111111111111111111111111111111111111111100011000111111111
1111111111111111111111111110000111111111111111111111111111111111111111111111111111000111001111111111
1111111111111111111111111110001111111111111111111111111111111111111111111111111110001110001111111111
1111111111111111111111111100001111111111111111111111111111111111111111111111111110011100011111111111
1111111111111111111111111000011111100001111111111111111111111111111111000011111100011000111111111111
1111111111111111111111111000011111100001111111111000011111111001111110000011111100110000111111111111
1111111111111111111111110000111111000001111111100000001111100000011100000111111100100001111111111111
1111111111111111111111100000111110000011111111000000000111000000011100000111111000000011111111111111
1111111111111111111111000000111100000111111100000000000110000001011000001111111000000100000011111111
1111111111111111111110001001111100000111111000000000000000001000010000001111111000001000000001111111
1111111111111111111100011001111000000111100000001100000000011100000000001111110000000000000001111111
1111111111111111111000110001110000001111000000011100000000111100000000001111100000000011000011111111
1111111111111111110001110001100000000110000000111000000001111000000100001111000000000100000111111111
1111111111111111000011110001000010000000000001111000000011111000001100001100000100000000001111111111
1111111111111110000111110010001110000000000011110000000011111100011100000000011100000000111111111111
1111111111111100001111100000001111000001100001000000000111111111111110000000111000000011111111111111
1111111111110000111111100000011111111111100000000111111111111111111111000011110001111111111111111111
1111111111100001111111100000111111111111110000001111111111111111111111111111100011111111111111111111
1111111111111111111111100001111111111111111111111111111111111111111111111111100111111111111111111111
1111111111111111111111000011111111111111111111111111111111111111111111111111000111111111111111111111
1111111111111111111111000111111111111111111111111111111111111111111111111111001111111111111111111111
1111111111111111111110001111111111111111111111111111111111111111111111111110001111111111111111111111
1111111111111111111100001111111111111111111111111111111111111111111111111110011111111111111111111111
1111111111111111111000011111111111111111111111111111111111111111111111111100011111111111111111111111
1111111111111111110000011111111111111111111111111111111111111111111111111100111111111111111111111111
1111111111111111100000111111111111111111111111111111111111111111111111111000111111111111111111111111
1111111111111111000000111111111111111111111111111111111111111111111111110001111111111111111111111111
1111111111111110001001111111111111111111111111111111111111111111111111110001111111111111111111111111
1111111111111100010001111111111111111111111111111111111111111111111111110011111111111111111111111111
1111111111111000110011111111111111111111111111111111111111111111111111100011111111111111111111111111
1111111111110001100011111111111111111111111111111111111111111111111111100011111111111111111111111111
1111111111100011000111111111111111111111111111111111111111111111111111100011111111111111111111111111
1111111111000111001111111111111111111111111111111111111111111111111111110011111111111111111111111111
1111111111001110001111111111111111111111111111111111111111111111111111111111111111111111111111111111
1111111110001100011111111111111111111111111111111111111111111111111111111111111111111111111111111111
1111111100011100011111111111111111111111111111111111111111111111111111111111111111111111111111111111
1111111000111000111111111111111111111111111111111111111111111111111111111111111111111111111111111111
1111111000110001111111111111111111111111111111111111111111111111111111111111111111111111111111111111
1111110001110001111111111111111111111111111111111111111111111111111111111111111111111111111111111111
1111110001100011111111111111111111111111111111111111111111111111111111111111111111111111111111111111
1111100010000111111111111111111111111111111111111111111111111111111111111111111111111111111111111111
1111100000001111111111111111111111111111111111111111111111111111111111111111111111111111111111111111
1111100000111111111111111111111111111111111111111111111111111111111111111111111111111111111111111111
1111110001111111111111111111111111111111111111111111111111111111111111111111111111111111111111111111
1111111111111111111111111111111111111111111111111111111111111111111111111111111111111111111111111111
1111111111111111111111111111111111111111111111111111111111111111111111111111111111111111111111111111
1111111111111111111111111111111111111111111111111111111111111111111111111111111111111111111111111111
1111111111111111111111111111111111111111111111111111111111111111111111111111111111111111111111111111
