1111000011111111011001111111111111111100111111111111111111100111111111111011111111111111111111111111
1111000011111110011001111111111111111100111111111111111111100111111111111011111111111111111111111111
1111000011111110011001111111111111111100111111111111111111100111111111111011111111111111111111111111
1110000011111110011001111111111111111100111111111111111111100111111111111011111111111111111111111111
1110000011111110011001111111111111111100111111111111111111100111111111111011111111111111111111111111
1110000011111110011001111111111111111100111111111111111111100111111111111011111111111111111111111111
1110000001111110011001111111111111111100111111111111111111100111111111111011111111111111111111111111
1110000001111110011001111111111111111100111111111111111111100111111111111011111111111111111111111111
1100010001111110011001111111111111111100111111111111111111000111111111111011111111111111111111111111
1100010001111110011001111111111111111100111111111111111011000111111111111011111111111111111111111111
1100011001111110011001111111111111111100111111111111111001000111111111111011111111111111111111111111
1100111001111110011001111111111111111100111111111111111001000111111111111001111111111111111111111111
1100111001111110011001111111111111111100111111111111111001000111111111111011110011111111111111111111
1100111001111110011001111111111111111100111111111111111001000111111111111011100011111111111111111111
1000111001111110011001111111111111111100111111111111111001000111111111111001100011111111111111111111
1000111001111110011001111111111111111100111111111111111001000111111111111001100011111111111111111111
1000111001111110011001111111111111111100111111111111111000000111111111111001000011111111111111111111
1001111001111110011001111111111111111100111111111111111000000111111111111011000011111111111111000111
1001111001001110011001111111111111111100111111111111111000000111111111111001000011111111011111000111
1001111001001110011001111111111111111100111111111111111000000111111111111001000011111110011110000011
1001111001001110011001111111111111111100111011111111111000000111111111111001000011111110001110000011
0001110001000110011001111111111111111100110001111111111000000111111111111001000011111100001110000011
0001110001000110011000011111111111111100110001111111111000000011111111111000000111001100001110000011
0001110001000110011000011110011111111100100000111111111000010011111111111000011110001100001111000011
0001110001000110011000011100011111111100100000111111111001110011011111111000111110000100001111000011
0011111011000110011000001100001111111100100000111111111001110010011111011000011110000100001111000011
0011111011100110011000001100001111001100000000111111111001110010001111001000011110000000001111000011
0011111111100110011000001100001111001100000000111111111001110010000011001000011100000000001111000111
0011111111100110011000001100001111001100000000011111111001110010000010000000011100000000101111000111
0011111111100110011000001000001111001100000000011111111001110000000010000000011100000000101110000111
0011111111111110011000001000001111001000000000011111111001110000000000000000011100000000101110001111
0011111111111110011000001000001110000000000110011111111001110000000000000000111100000000101110001111
0011101111111110010000001000000110000000000110011111111001110000100000000000111100000000111110001111
0011100111111110010000001000000110000000000110011111111001110000100000000000111000000000111110001111
0011000111100110010001001000000110000000000110011111111001110000100000000001101000000000111100011111
0011000111100110010001001000000000000000000110011111111001110000100000000001001000000000111100011111
0011000011000110010001001000000000000000000110011111111001110000100000000001001100000000111100011111
0011000011000110010001001000000000010000000110011111111001111000100000000001000100100000111100011111
0011000011000110010001001000000000010000000110001111111001111000100000000001000000100000011100011111
0011000011000110010001001000000000010100000110001111111001111000100000001001001000100000011100011111
0011000011001110010000001000010000011100000110001111111001111000100000011000000000100000000100011111
0010000011001110010000001000010000011100000110001111111000111000100000011000000000100000000100011111
0010000011001110010000001000110000011100000110011111111000111000100000011000001100100000000000011111
1000000011001110010000001000100000111100000110011111111000111000100000011000001100100000000000011101
1000010001001110010000001000000000111100000110011111111000111000000000011000001100110000000100001001
1000010001001110010000001000000000111100000100011111111000111000000000011000101100110000000100000001
1000010001001110011000001000000000111100000100011111111000111000000011111000111111110000000100000001
1000010001001110011000001100000000111100000000011111111000111000000011111000111111111110000110000000
1000010001001110011000001100000000111100000000011111111000111000000111111001111111111110000110000001
1000010001001110011000011100000000111100000000011111111000111000001111111101111111111110000110000001
1000000001000110011100011100000000111100000000111111111000111100001111111111111111111111001110000001
1000000001000110011100011100000000111100000000111111111000111100011111111111111111111111111111000001
1000000001000110011100011111111001111100000000111111111100111100011111111111111111111111111111000001
1100000011000110011110011111111001111100110000111111111100111100111111111111111111111111111111100011
1100000011000110011110111111111111111110110001111111111101111100111111111111111111111111111111111111
1100000011001111011111111111111111111111111011111111111111111110111111111111111111111111111111111111
1100000011101111111111111111111111111111111111111111111111111111111111111111111111111111111111111111
1100000011101111111111111111111111111111111111111111111111111111111111111111111111111111111111111111
1110000111111111111111111111111111111111111111111111111111111111111111111111111111111111111111111111
1110000111111111111111111111111111111111111111111111111111111111111111111111111111111111111111111111
