1111111111111111111111111111111111111100011111111111111111110001111111110001111111111111111111111111
1111111111111111111111011111111111111100011111111111111111110001111111110001111111111111111111111111
1111111000111111111111001111111111111100011111111111111111110001111111110001111111111111111111111111
1111111000111111111111001111111111111100011111111111111111110001111111110001111111111111111111111111
1111110000111111111110001111111111111100011111111111111111110001111111110001111111111111111111111111
1111110000111111111110001111111111111100011111111111111111110011111111110011111111111111111111111111
1111110000011111111111001111111111111100011111111111110011110011111111110011111111111111111111111111
1111100000011111111111001111111111111100011111111111110011110011111111110011111111111111111111111111
1111100000011111110011001111111111111100011111111111100011100011111111110011111111111111111111111111
1111100000011111110011001111111111111100011111111111100011100011111111110011111100111111111111111111
1111000010011111110011001111111111111100111111111111100011100011111111110011111100111111111111111111
1111000110011111110011001111111111111100111111111111100011100011111111110011111000111111111111111111
1111000110011101110011001111111111111100111111111111100011100011111111110011111000111111111111111111
1111000110011101110011001111111111111100111111111111100011100011111111110011110000011111111111111111
1110001110011001110011001111111111111100111111111111100011100011111111110011110000011111111111111111
1110001111011001110011001111111111111100111111111111100011100011111111110011110000011111111111111111
1110001111111000110011001111111111111100111111111111100011100011111111110011110000011111111110011111
1110011111111000110011001111111111111100111111111111100011000011111111110011110000011111111110011111
1110011111111000110011001111111111111000111111111111100011000011111111110011100010011111111100001111
1100011111111000110011001111111111111000111111111111100011000011111111110011100010010111111100001111
1100011111111000110011001111111111111000111111111111100001000011111111110011100010000010001100000111
1100111111111100110011001111111111111000111111111111100001000011111111110011100110000010001110000111
1100111111111100110011001111111111111000111001111111100001000111111111110011100110000000001110000111
1100111111111100110011001111110111110000111000111111100001000111111111110011100110000000001110000111
1100111111111100110011001111100111110000110000111111100000000111111111100011100110000000000111000111
1100111111111100110011001111100011110000110000011111100000000111111111100011100110000000000111000111
1100111111111100110011001111100011110000110000011111100000000111111111000011100110000000000111000111
1100111111111100010011001111000011110000000000011111100000000111111111000011100110000000000111000111
1001111111111100010011001111000011110000000000001111100000000111111111000000100010000000000111000111
1001111111111100010011000011000011110000000000001111100000000111011111000000100010000000000110000111
1001111111111100010011000001000011110000000001001111100000000110001000000000100010000000000110001111
1001111111111000010011000001000011110000000011001111100000000110000000000000100000001000000110001111
1001111111111000110011000000000010100000000011001111100000100110000000000000100000011000000110001111
1001111111111001110011000000000000000000000011001111100000100100000000000000100000011000001100011111
1001111100111001110011000000000000000000000011001111100000100100000000000001100000011000001100011111
1001111100011001110011000000000000000100000011001111100000100100000000000001100000011000000000011111
1001111100011001110011000000000100000100100010001111100001100100000000000001100000011000000000011111
1001111000011001110001000000000100000100100010001111100011100100000000000001100000011000000000111111
1001111000010001110001000000000100000100100000001111100011100100000000000001100010011000000000111111
1001111000011001110001000000000100000100100000011111100011100100000000000001100010011000000000111111
1001111000010001110001000000001100001100100000011111110011100100000000010001100011111000000000111101
1001111000010001110001000000001000001100100000011111110011100000000000011001100111111000000000111101
1001111000000001110001000000000000001100110000011111110001100000000000111001100111111000001000110001
1001111000010001110001000000000000001100110000111111110001100000000000111011110111111000001000000001
1001111000010001110001000001000000001100110000111111110001100000000000111111111111111100001000000001
1001111000010001110001000001000000001100110000111111110001110000000000111111111111111100011000000001
1001111000011001110001000001000000011100111001111111110001110000000000111111111111111100011100000011
1001111000011001111011000001100000011110111111111111110001110000000000111111111111111111111100000011
1100111000011001111011100001100011111111111111111111110001110000001100111111111111111111111100000111
1100111000011001111111100001110011111111111111111111110001110000001100111111111111111111111100000111
1100111000011001111111100001111111111111111111111111110001110000011101111111111111111111111110001111
1100111000111001111111100011111111111111111111111111110001111000111111111111111111111111111111111111
1100111000111111111111100011111111111111111111111111110011111000111111111111111111111111111111111111
1100000000111111111111110011111111111111111111111111110011111101111111111111111111111111111111111111
1100000000111111111111111111111111111111111111111111111011111111111111111111111111111111111111111111
1100000000111111111111111111111111111111111111111111111111111111111111111111111111111111111111111111
1110000000111111111111111111111111111111111111111111111111111111111111111111111111111111111111111111
1110000000111111111111111111111111111111111111111111111111111111111111111111111111111111111111111111
1111000011111111111111111111111111111111111111111111111111111111111111111111111111111111111111111111
1111000111111111111111111111111111111111111111111111111111111111111111111111111111111111111111111111
