1111111111111111111111111111111111111111111111111111111111111111111111111111111111111111111111111111
1111111111111111111111111111111111111111011111111111111111111111111111111111111111111111111111111111
1111110011111111111111111111111111111110011111111111111111111111111111111011111111111111111111111111
1111110011111111111111111111111111111110011111111111111111111111111111111011111111111111111111111111
1111100011111111111111111111111111111110011111111111111111111111111111110011111111111111111111111111
1111100001111111111111111111111111111110011111111111111111111111111111110011111111111111111111111111
1111100001111111111101111111111111111110011111111111111111111111111111110011111111111111111111111111
1111100001111111101100111111111111111110011111111111111111111111111111110011111111111111111111111111
1111000001111111101100111111111111111110011111111111111100111111111111110011111111111111111111111111
1111000001111111101100111111111111111110011111111111111100111111111111110011111111111111111111111111
1111001001111111001100111111111111111110011111111111111100111111111111110011111111111111111111111111
1111001001111111001100111111111111111110011111111111111100111111111111110011111111111111111111111111
1111011001111111001100111111111111111110011111111111111100111111111111110011111111111111111111111111
1110011001111111001100111111111111111110111111111111111100111111111111110011111111111111111111111111
1110011101111111001100111111111111111110111111111111111100111111111111110011111111111111111111111111
1110011101110011101100111111111111111110111111111111111100111111111111110011111111111111111111111111
1110111101110011001100111111111111111110111111111111111100111111111111110011111111111111111111111111
1110111111110011001100111111111111111110111111111111111100111111111111110011111111111111111111111111
1100111111110011001100111111111111111110111111111111111100111111111111110011111111111111111111111111
1100111111110011001100111111111111111110111111111111111100111111111111110011111111111111111111111111
1100111111110011101100111111111111111110111111111111111100111111111111110011111111111111111111111111
1101111111110011101100111111111111111110111111111111001100111111111111110011111111111111111111111111
1101111111110011101101111111111111111110111111111111001100111111111111110011111111111111111111111111
1101111111110001101101111111111111111110111111111111001100111111111111110011111011111111111111111111
1001111111110001101101111111111111111110111111111111001000111111111111110011110011111111111111111111
1001111111110001001101111111111111111110111111111111001000111111111111110011100011111111111111111111
1001111111110001001100111111111111111110111111111111001000111111111111110011100011111111111111111111
1011111111110000001100001111111111111110111111111110001000111111111111110111000011111111111111111111
1011100111110000000100001111111111111110111111111110000000111111111111110111000011111111111111111111
1011100111110000000100001110011111111110111111111110000000111111111111110111000011111111100010111111
1011100111110001100100001100011111111110111111111110000000111111111111110111001111111111000000001111
1011100011110001000000001100011111111110111111111110000000111111111111110111111111111111000000001111
1011100011110001000000000100001111111100011111111110000000111111111111110111111110011110000000001111
1011100011110001000000000000001111111100001111111110000000111111111111110111111110001110000000001111
1011100011110001000000000000001111011100000001111110000000111111111111110111111110001110000000001111
1011100011110011000000000000001111001100000001111111000000110011111011110111111110000100000000001111
1011000011110011000000100000001110001000000000111111000100110011111011110111111111000100000000001111
1011000001110011000000100000000110001000000000111111000100100001110011110011111111000000000000001111
1001001001110011000000100000000010001000000000111111001100100000110011110000011011000000000000001111
1001001001110011000000100000000000011000000000011111001100100000110011100000011011000000000110011111
1001001001110011000000100000000000011000000110011111011100100000100010000000011001100000000100011111
1001101001110011000000100000000000111000000110011111011110100000100010000000011001100001000100011111
1101101001110011001000100000000000111100000110011111011110000000000010000000011001100001101100011111
1101001001110011001100100000010000111110000111011111011110000000000010000000011001100001111100111111
1100001001110011001100000000110000111110000111011111011110000000000010000000011001100001111100111111
1100000001110011001100000001110000111110000110011111011110001000100010000010011001100001110000111111
1100000001111011001110000001110001111110000110011111011110001000100010000110011001100000110000111101
1110000001111011001110000001110001111110000110011111011110000000100011000110001001100000000000011001
1110000001111111001110000000010001111110000110011111011110000000100011110110001001100000000100000001
1110000001111111011110001000010001111110000100011111011110000000100011110110001001110000000100000001
1111000011111111111111001000010001111110000000011111011110000001100011110110001001110000000100000001
1111000111111111111111001000010001111110000000111111001111000001100011110110011001110000000100000011
1111101111111111111111011100010001111110000000111111001111000001100111110110011101110000001110000011
1111111111111111111111111100010011111111110000111111001111000011100111110110011111110000001110000111
1111111111111111111111111111111011111111110000111111001111000011100111110111111111110000111111001111
1111111111111111111111111111111011111111110001111111001111000011110111111111111111111011111111111111
1111111111111111111111111111111111111111111001111111001111100111111111111111111111111111111111111111
1111111111111111111111111111111111111111111111111111001111101111111111111111111111111111111111111111
1111111111111111111111111111111111111111111111111111001111111111111111111111111111111111111111111111
1111111111111111111111111111111111111111111111111111001111111111111111111111111111111111111111111111
