1111111111111111111111111111111111111111111111111111111111111111111111111111111111111111111111111111
1111111111111111111111111111111111111111111111111111111111111111111111111111111111111111111111111111
1111111111111111111111111111111111111111111111111111111111111111111111111111111111111111111111111111
1111111111111111111111111111111111111111111111111111111111111111111111111111111111111111111111111111
1111111111111111111111111111111111111111111111111111111111111111111111111111111111111111111111111111
1111111111111111111111111111111111111111111111111111111111111111111111111111111111111111111111111111
1111111111111111111111111111111111111111111111111111111111111111111111011111111111111111111111111111
1111111111111111111111111111111111111111111111111111111111111111111111001111111111111111111111111111
1111111111111111111111111111111111111111111111111111111111111111111110001111111111001111111111111111
1111111111111111111111111111111111111111111111111111111111111111111110001111111110001111111111111111
1111111111111111111111111111111111111111111111111111111111111111111110001111111100000111111111111111
1111111111111111111111111111111111111111111111111111111111111111111110001111111000001111111111111111
1111111111111111111111111111111111111111111111111111111110110011111110001111110000001111111111111111
1111111111111111111111111111111111111111111111111111111000000001111110001111100000001111111111111111
1111111111111111111111111111111111111111111111111111110000000001111110001111100000111111111111111111
1111110000111111111111111111111111111111111111111111110000000001111110001111100001111111111111111111
1110000000000111111111111111111111111111111111111111110000000001111111001111000011111111111111111111
1110000000000111111111111111111111111111111111111111110000000000111111001111000011111111111111111111
1100000000000011111111111111111111111111111111111111110000000001111111001111111111111111111111111001
1100000000000011111111111111111111111111111111111111110000011001111111001111111111111111111111111000
1100000000000001111111111111111111111111111111111111110001111111111111001111111111111111111111110000
1100000000000011111111111111111111111111111111111111110001111111111111001111101111111111111111110000
1111111100011011111111111111111111111111111111111111110001111111111111001111100111111111111111100000
1111111100011111111111111111111111111111111111111111110001111111111111001111000111111111111111100000
1111111100011111111111111111111111111111111111111111110001111111111111000111000111100011001111000000
1111111100011111111111111111111111111111111111111111110001111111111111000111100111100011001111000001
1111111110011111111111111111111111111111111111111111110001111111111111000111000111000010000110000011
1111111110011111111111111111111111111111111111111111110001111111111111000111000111000010000100000111
1111111110011111111111111111111111111111111111111111110000000011111111000111000111000010000100001111
1111111110011111111111111111111111111111111111111111110000000001111111000111000111000110000100001111
1111111110001111111111111111111111111111111111111111110000000001111111000111000111000110000100001111
1111111110001111111111111111111111111111111111111111110000000001111111100111000110001110000100001111
1111111110001111111111111111111111110001111111111111110000000001111111100111000111001110000100000111
1111111110001111111111111111111111110001111111111111110000000001111111100011000111001110000100000011
1111111110001111111111111110000111000000111111111111110000000001111111100011000111001100001110000011
1111111110001111111100110000000111000000111111111111111000000001111111100011000011001100001111000011
1111111110001111111100110000000100000000111111111111111000111001111111100011000011000000000111000001
1111111110001111111100010000000100000000111111111111111000111111111111100011100011000000000111100001
1111111110001111111100000000000100000000111111111111111000111111111111100011100011000000000111100001
1111111110001111111100000000000100000000111111111111111000111111111111100011100011000000000111110001
1011111110001100111100000000000100000100111111111111110000111111111111110011100011000000000011110001
0001111110001000111100000010000100000100111111111111110000000011111111110011100011000001000011110001
0001111100001000111100000110000100000100111111111111110000000000001111110011100011110001000011110001
0001111100011000111100000110000100000100011111111111110000000000001111110011100111111111100011110001
0001111100011000111100000110000100000100011111111111110000000000001111110011110111111111100011110001
0001111100011000111100000000000100000100011111111111110000000000001111110011111111111111100011110011
0000111100011000111000000000000100000100011111111111110000000000001111110011111111111111110011100011
0000111100011000111000000000000110000100011111111111111000000000001111111011111111111111111000000011
0000111100011100010000000000000110001100011111111111111000001111111111111111111111111111111000000011
1000111100011100000000100000000010001100001111111111111000011111111111111111111111111111111000000111
1000111000011100000000110000000010001110001111111111111101111111111111111111111111111111111000000111
1000111000111100000001110001100011001110001111111111111111111111111111111111111111111111111110001111
1000010000111100000001111111110011111110001111111111111111111111111111111111111111111111111111111111
1100000000111110000011111111110011111111001111111111111111111111111111111111111111111111111111111111
1100000001111110000011111111110011111111011111111111111111111111111111111111111111111111111111111111
1100000001111111000111111111110011111111111111111111111111111111111111111111111111111111111111111111
1100000011111111111111111111111111111111111111111111111111111111111111111111111111111111111111111111
1110000011111111111111111111111111111111111111111111111111111111111111111111111111111111111111111111
1110000011111111111111111111111111111111111111111111111111111111111111111111111111111111111111111111
1111000111111111111111111111111111111111111111111111111111111111111111111111111111111111111111111111

