1111111111111111111111111111111111111111111111111111111111111111111111111111111111111111111111111111
1111111111111111111111111111111111111111111111111111111111111111111111111111111111111111111111111111
1111111111111111111111111111111111111111111111111111111111111111111111101111111111111111111111111111
1111111111111111111111111111111111111111111111111111111111110000011111101111111111111111111111111111
1111111111111111111111111111111111111111111111111111111111000000011111100111111111111111111111111111
1111111111111111111111111111111111111111111111111111111110000000001111100111111111111111111111111111
1111111111111111111111111111111111111111111111111111111100000000001111100111111111111111111111111111
1111111111111111111111111111111111111111111111111111111100000000011111100111111111111111111111111111
1111111111111111111111111111111111111111111111111111111100000000011111100111111111111111111111111111
1111111111111111111111111111111111111111111111111111111100001111111111100111111111111111111111111111
1111111100011111111111111111111111111111111111111111111100011111111111100111111111100111111111111111
1111110000000111111111111111111111111111111111111111111100111111111111100111111111000011111111111111
1111100000000011111111111111111111111111111111111111111100111111111111100111111100000011111111111111
1111000000000001111111111111111111111111111111111111111100111111111111100111111000000011111111111111
1111000000000001111111111111111111111111111111111111111100111111111111100111110000000011111111111111
1111000000000001111111111111111111111111111111111111111100111111111111100111110000000011111111111111
1111000000000011111111111111111111111111111111111111111100111111111111100111100000111111111111111111
1111001100011011111111111111111111111111111111111111111100111111111111100111000001111111111111111111
1111111100001111111111111111111111111111111111111111111100111111111111100111000001111111111111111111
1111111110001111111111111111111111111111111111111111111100111111111111100111000011111111111111111111
1111111110001111111111111111111111111111111111111111111100111111111111100111000111111111111111111111
1111111110001111111111111111111111111111111111111111111100111111111111100111000111111111111111110011
1111111110001111111111111111111111111111111111111111111100111111001111100011001111111111111111000011
1111111110001111111111111111111111111111111111111111111100111110001111100011001111111111111111000011
1111111110001111111111111111111111111111111111111111111100011100001111100011100111111111111110000011
1111111110001111111111111111111111111111111111111111111100000000001111100011100111111111111110000011
1111111110001111111111111111111111111111111111111111111100000000001111110011100111111111111110000111
1111111110001111111111111111111111111111111111111111111100000000001111110011100111111111111100011111
1111111110001111111111111111111111111111111111111111111100000000011111110011100111111000010000011111
1111111111001111111111111111111111111111111111111111111100000000011111110011100111110000010000011111
1111111111001111111111111111111111111111111111111111111110000011111111110011100111110000010000011111
1111111111001111111111111111111100111111111111111111111110000111111111110011100111110000000010011111
1111111111001111111111111111111100111110111111111111111110011111111111110011100111100000100010001111
1111111111001111111111111111111000111100011111111111111110011111111111110011100111100011100010001111
1111111111001111111111110111111000111100001111111111111110011111111111110001100011100011100011000111
1111111111001111111111110011111000111100001111111111111110011111111111110001100011100111100011000111
1011111111001111111111110011000000100000001111111111111110011111111111110001100011100111100011000011
1001111111001111111111110010000000000000001111111111111110011111111111110001100011100111000011100011
0000111111000111111111110000000000000000001111111111111110001111111101111001100011100111000011100001
0000111111000111001111110000000000000000000111111111111110001111111101111001100011100011000011110001
0000111111000111000111100000000000000001000111111111111110001111111000111001100011100010000011110001
0000111111000111000111100000100000000001000111111111111110001111110000111000100011100000000011110001
1000111111000110000111100000110000000001000111111111111110001111100001111000110011100000000011110001
1000111111000110000111100001111000000001100111111111111110001111000001111000110011110000000011110001
1000111111000110001111100001111000000001100011111111111110000110000011111000110011110000010011110001
1000111111000110001111100001111000000001100011111111111110000000000111111000110011110000010011100001
1000111111000110001111000001111000000001100011111111111110000000000111111000110011111100110010000011
1000111111000110001111000001110000000001100011111111111110000000001111111101111111111111110000000011
1100111110000110001110000001110000000001110011111111111110000000111111111111111111111111110000000111
1100111110001110001110000001110000000001110011111111111110000000111111111111111111111111110000001111
1100111110001110000100000001100000000001110011111111111111000001111111111111111111111111111000011111
1100011100001111000000000001100000000001110001111111111111000111111111111111111111111111111111111111
1100001000001111000000000000000000010001110001111111111111001111111111111111111111111111111111111111
1100000000011111000000010000000000010001111001111111111111001111111111111111111111111111111111111111
1100000000011111000000111000000100011001111001111111111111111111111111111111111111111111111111111111
1110000000111111100000111000000100011011111001111111111111111111111111111111111111111111111111111111
1110000000111111100001111100001100011111111001111111111111111111111111111111111111111111111111111111
1110000001111111111111111111111110111111111100111111111111111111111111111111111111111111111111111111
1111000111111111111111111111111111111111111100111111111111111111111111111111111111111111111111111111
1111111111111111111111111111111111111111111100111111111111111111111111111111111111111111111111111111

