1111111111111111111111111111111111111111111111111111111111111111111111111111111111111111111111111111
1111111111111111111111111111111111111111111111111111111111111111111111111111111111111111111111111111
1111111111111111111111111111111111111111111111111111111111111111111111100111111111111111111111111111
1111111111111111111111111111111111111111111111111111111111111111111111100011111111111111111111111111
1111111111111111111111111111111111111111111111111111111111000000001111100011111111111111111111111111
1111111111111111111111111111111111111111111111111111111111000000001111100011111111111111111111111111
1111111111111111111111111111111111111111111111111111111110000000000111100011111111111111111111111111
1111111111111111111111111111111111111111111111111111111110000000000111100011111111111111111111111111
1111111111111111111111111111111111111111111111111111111100000000000111100011111111100011111111111111
1111111111111111111111111111111111111111111111111111111100000000000111100011111111000011111111111111
1111111111111111111111111111111111111111111111111111111100000000001111100011111110000001111111111111
1111111111111111111111111111111111111111111111111111111100000000001111100011111110000001111111111111
1111111111111100011111111111111111111111111111111111111100011111111111100011111100000001111111111111
1111111111100000001111111111111111111111111111111111111100011111111111100011111000000011111111111111
1111110000000000001111111111111111111111111111111111111100011111111111100011111000000011111111111111
1111000000000000001111111111111111111111111111111111111100011111111111100011110000001111111111111111
1100000000000000001111111111111111111111111111111111111100011111111111100011110000011111111111111111
1100000000000000001111111111111111111111111111111111111100011111111111100011100000111111111111111111
1100000000000000011111111111111111111111111111111111111100011111111111100011100001111111111111111111
1000000000000001111111111111111111111111111111111111111100011111111111100011110001111111111111111000
1000000000011111111111111111111111111111111111111111111100011111111111100011110011111111111111110000
1100000000111111111111111111111111111111111111111111111100011111111111100011110011111111111111110000
1100000000111111111111111111111111111111111111111111111100011111111111100011110011111111111111100000
1100110000111111111111111111111111111111111111111111111110001111001111100011110011111111111111100000
1111111000111111111111111111111111111111111111111111111110001110001111100011100011111101111111000000
1111111000111111111111111111111111111111111111111111111110001100001111100011100011111100111111000000
1111111000111111111111111111111111111111111111111111111110000000000111100011100011110000100110000111
1111111000111111111111111111111111111111111111111111111100000000000111100011100011110000100100000111
1111111000111111111111111111111111111111111111111111111000000000000111110011100011100001000000001111
1111111000111111111111111111111111111111111111111111111000000000001111110011100011100001000000001111
1111111000111111111111111111111111111111111111111111111000000000001111110011100011000011000000000111
1111111000111111111111111111111111111111111111111111111100000001001111110011110011000011000000000111
1111111000111111111111111111001111111000011111111111111100000111111111110001110001000111000000000011
1111111000111111111111111111000111111000011111111111111110001111111111110001110001000111000000000011
1111111000111111111110111100000011110000001111111111111110001111111111110001110001000110000000000001
1111111000111111111100011100000001110000001111111111111110001111111111110001110001000010000010000000
1111111000111001111100011100000001100000001111111111111110001111111111110001110001000000000011000000
1111111000110001111100011100000000000000000111111111111110000111111111110001110001100000000011100000
1111111000110000111100011000000000000000000111111111111110000111100011110000110001100000000011110000
1111111000110000111100011000000000000000000111111111111110000111100011110000110001100000000011111000
1111111000110001111100010000110000000000000111111111111110000000000001110000110001110000000011111000
1111111000110001111100010000110001000001000011111111111110000000000001111000110001110000000011111000
1111111000110001111100010001110000000011000011111111111110000000000011111000110001111111110000000000
1111111000110001111100010001110000000011000011111111111110000000000011110000110001111111110000000000
1111111000110001111100010001110000000011100011111111111110000000000111111000111011111111110000000000
1111111000110001111100000001110000000011100011111111111110000000001111110000111011111111110000000001
1111111000110001111100000001100000000011100011111111111110000000111111111000111111111111110000000011
1111111000110001111100010000000000000011100011111111111110000011111111111000111111111111110001000111
1001110000110001111100010000000000000011100011111111111111101111111111111001111111111111111111111111
1000110000110001111100010000000000000011100011111111111111111111111111111111111111111111111111111111
1000000000110000111000010000000000000011110011111111111111111111111111111111111111111111111111111111
0000000001110000111000011000000000000011110001111111111111111111111111111111111111111111111111111111
0000000001110000000000111000001000000011110001111111111111111111111111111111111111111111111111111111
0000000011110000000000111100011000000011110001111111111111111111111111111111111111111111111111111111
1000000011110000000000111111111100000011110001111111111111111111111111111111111111111111111111111111
1000000011111000000001111111111100000111110001111111111111111111111111111111111111111111111111111111
1100000111111000000001111111111100111111110001111111111111111111111111111111111111111111111111111111
1100000111111000000011111111111100111111110011111111111111111111111111111111111111111111111111111111
1100001111111100000111111111111111111111111111111111111111111111111111111111111111111111111111111111
1110111111111111111111111111111111111111111111111111111111111111111111111111111111111111111111111111

