1111111111111111111111111111111111111111111111111111111111111111111101111111111111111111111111111111
1111111111111111111111111111111111111111111111111111111111111111111000111111111111111111111111111111
1111111111111111111111111111111111111111111111111111111111111111111000111111111111111111111111111111
1111111111111111111111111111111111111111111111111111111111111111111000111111111111111111111111111111
1111111111111111111111111111111111111111111111111111111100000001111000111111111111111111111111111111
1111111111111111111111111111111111111111111111111111111000000001111000111111111111111111111111111111
1111111111111111111111111111111111111111111111111111110000000000111000111111111011111111111111111111
1111111111111111111111111111111111111111111111111111110000000000111000111111110001111111111111111111
1111111111111111111111111111111111111111111111111111110000000000111000111111100000111111111111111111
1111111111111110111111111111111111111111111111111111110000000000111000111111000000111111111111111111
1000001111111000011111111111111111111111111111111111110000000000111000111110000000111111111111111111
1000000000000000001111111111111111111111111111111111100001110000111000111110000000111111111111111111
0000000000000000001111111111111111111111111111111111100001111000111000111100000001111111111111111111
0000000000000000001111111111111111111111111111111111100011111000111000111100000001111111111111111111
0000000000000000001111111111111111111111111111111111100011111111111000111000000111111111111111111111
0000000000000000001111111111111111111111111111111111100011111111111100111000000111111111111111111111
0000000000000000001111111111111111111111111111111111100011111111111100011000001111111111111111000011
1000000000000111001111111111111111111111111111111111100011111111111100011000011111111111111111000011
1111110000111111111111111111111111111111111111111111100011111111111100011000011111111111111110000011
1111110000111111111111111111111111111111111111111111100011111111111100011000111111111111001110000011
1111110000111111111111111111111111111111111111111111100011111111111100011000111111111111000100000011
1111111000111111111111111111111111111111111111111111110011111111111100011000111111111110000100000011
1111111000111111111111111111111111111111111111111111110001111111111100011000111111000110000100000111
1111111000111111111111111111111111111111111111111111110001111111111100011000111111000110000000011111
1111111000011111111111111111111111111111111111111111110001110000111100011000011100000110000000011111
1111111000011111111111111111111111111111111111111111110001000000111100011000011100000110000000011111
1111111000011111111111111111111111100011111111111111110000000000011100001100011100000110000000011111
1111111000011111111111111111111111100011111111111111110000000000011100001100011000000110000000001111
1111111000111111111111111111111111000001111111111111110000000000011100001100011000011110000000000111
1111111000111111111111111111111111000001111111111111110000000000011110001100011000011100000000000111
1111111000111001111111111111100011000001111111111111110000000000111110001100011000111100001000000011
1111111000111000111111111111100011000000111111111111110000000000111110001100011000111100001000000011
1111111000110000111110001111100011000000111111111111110000001000111110001100001000111100001100000001
1111111000110000111110001000000011000000111111111111110000111101111110001100001000111000000110000001
1111111000110000111110000000000010000000111111111111110000111111111110001100001000111000000111000000
1111111000110000111110000000000010000000111111111111110000111111111110000100001000011000000111100000
1111111000110000111100000000000010000000011111111111111000111111111111000100001000000000000111110000
1111111000110000111100000000000010000000011111111111111000111111111111000100001100000000000111110000
1111111000110000111100000000000010000000011111111111111000000000111111000110001100000000000111110000
1111111000110000111100000000000010000100011111111111111000000000011111000110001100000001000111110000
1111110000110000111100000011000010000100011111111111111000000000001111000111011100000011101100000000
1111110000110000111100000011000010000100011111111111111000000000001111000111111110000011111100000000
1001110000110000111100000011000010000100011111111111111000000000001111000111111111000111111100000000
1001110000110001111100000011000010000100001111111111111000000000001111000111111111101111111110000001
0000110000110000111100000010000010000100001111111111111000000000011111100111111111111111111111000001
0000110000110000111100000010000010000110001111111111111000000001111111100111111111111111111111100011
0000000001110000111100000000000000000110001111111111111000011111111111111111111111111111111111111111
0000000001110000111100000000000000000110001111111111111000111111111111111111111111111111111111111111
0000000001110000111100000000000000001110001111111111111111111111111111111111111111111111111111111111
0000000001110000111100000000000000001110001111111111111111111111111111111111111111111111111111111111
0000000011111000011000010000000000001110001111111111111111111111111111111111111111111111111111111111
1000000011111000011000110000010000111111001111111111111111111111111111111111111111111111111111111111
1000000011111000000000111000110000111111111111111111111111111111111111111111111111111111111111111111
1100000111111100000000111101110001111111111111111111111111111111111111111111111111111111111111111111
1100000111111100000000111111110001111111111111111111111111111111111111111111111111111111111111111111
1110001111111100000000111111111001111111111111111111111111111111111111111111111111111111111111111111
1111111111111110000001111111111111111111111111111111111111111111111111111111111111111111111111111111
1111111111111110000001111111111111111111111111111111111111111111111111111111111111111111111111111111
1111111111111111000011111111111111111111111111111111111111111111111111111111111111111111111111111111
1111111111111111100111111111111111111111111111111111111111111111111111111111111111111111111111111111

