1111111111111111111111111111111111111111111111111111111111111111111111111111111111111111111111111111
1111111111111111111111111111111111111111111111111111111111111111111111111111111111111111111111111111
1111111111111111111111111111111111111111111111111111111111111111111111111111111111111111111111111111
1111111111111111111111111111111111111111111111111111111111111111111111111111111111111111111111111111
1111111111111111111110001111111111111111111111111111111111111111111111111111111111111111111111111111
1111111111111111111110000111111111111111111111111111111111111111111111111111111111111111111111111111
1111111111111111111100000111111111111111111111111111111111111111111111111111111111111111111111111111
1111111111111111111100000111111111111111111111111111111111111111111111111111111111111111111111111111
1111111111111111111100000111111111111111111111111111111111111111111111111111111111111111111111111111
1111111111111111111100000111111111111111111111111111111111111111111111111111111111111111111111111111
1111111111111111111100000111111111111111111111111111111111111111111111111111111111111111111111111111
1111111111111111111100000111111111111111111111111111111111111111111111111111111111111111111111111111
1111111111111111111000000111111111111111111111111111111111111111111111111111111111111110001111111111
1111111111111111111000000111111111111111111111111111111111111111111111111111111111111100000111111111
1111111111111111111000000111111111111111111111111111111111111111111111111111111111111000000111111111
1111111111111111111000000111111111111111111111111111111111111111111111111111111111110000000111111111
1111111111111111111000000111111111111111111111111111111111111111111111111111111111110000000011111111
1111111111111111111000000111111111111111111111111111111111111111111111111111111111100000000011111111
1111111111101111111000000111111111111111111111111111111111111111111111111111111111000000000011111111
1111111111000111111000000111111111111111111111111111111111111111111111111111111110000001100011111111
1111111111000011111000000011111111111111111111111111111111111111111111111111111110000011100011111111
1111111110000011110000000011111111111111111111111111111111111111111111111111100000000111100011111111
1111111110000011110000000011111111111111111111111111111111111111111011111111100000001111100011111111
1111111111000011110001000011111111111111111111111111111111111111110001111111000000011111100011111111
1111111110000011110001000011111111111111111111111111111111111111100001111111000000111111100011111111
1111111110000011110001000011111111111111111111111111111111111111100000111111000000111111100011111111
1111111110000011110001100011111111111111111111111111111001111111000000111111000001111111000011111111
1111111110000011110001100011111111111111111111111111100001111111000000111110000001111111000011111111
1111111110000011110001100011111111111111111111111111100000111110000000111110000001111111000011111111
1111111110000011110001100011111111111111111111111111000000111110000001111110000011111111000111111111
1111111110000011100001100011111111111111111111111111000001111110000011111110000011111110000111111111
1111111110000011100001100011111111111111111101111110000011111100000011111110000111111110000111111111
1111111110000011100001100011111111111111111000111110000111111100000111111100000111111100001111111111
1111111100000011100001100011111111111110110000011100000111111000001111111100001111111100001111111111
1111111100000011100011100011111111111100000000011100001111111000001111111100001111111000001111111111
1111111100000011100011100011111111111000000000001100001111111000011111111100001111111000011111111111
1111111100000001000011100001111111111000000000001000001111110000011111111100001111110000011111111111
1111111100000001000011100001111111110000000000000000011111110000111111111100011111110000111111111111
1111111100000001000011100001111111100000000000000000011111110000111111111100011111100000111111111111
1111111000010000000011110001111111000000000110000000011111110001111111111100011111000001111111111111
1111111000010000000111110001111110000000000110000000111111100001111111111000011111000001111111111111
1111111000110000000111110001111110000000000111000000111111100001111111111000011110000011111111111111
1111110000110000000111110001111100000000000111000000111111100001111111111000011100000111111111111111
1111110000110000000111110001111100000000000111100000111111100011111111111000011000000111111111111111
1111110000111000001111110000111000000000001111100000111111100011111111111100010000001111111111111111
1111110000111000001111110000111000000000001111100000111111100011011111111100000000011111111111111111
1111100001111100001111110000111000000000001111100000111111100000001111111100000000011111111111111111
1111100001111110011111111000110000000000001111100001111111100000011111111100000000111111111111111111
1111100001111111111111111000111000000000001111100001111111100000011111111110000001111111111111111111
1111000001111111111111111000011000000000000111110001111111110000111111111110000011111111111111111111
1110000011111111111111111100011000000000000111110001111111110001111111111111111111111111111111111111
1110000011111111111111111100001100000011001111111111111111111111111111111111111111111111111111111111
1110000011111111111111111100001100000111111111111111111111111111111111111111111111111111111111111111
1110000011111111111111111110000111111111111111111111111111111111111111111111111111111111111111111111
1110000011111111111111111110000111111111111111111111111111111111111111111111111111111111111111111111
1110000111111111111111111111000111111111111111111111111111111111111111111111111111111111111111111111
1111000111111111111111111111101111111111111111111111111111111111111111111111111111111111111111111111
1111111111111111111111111111111111111111111111111111111111111111111111111111111111111111111111111111
1111111111111111111111111111111111111111111111111111111111111111111111111111111111111111111111111111
1111111111111111111111111111111111111111111111111111111111111111111111111111111111111111111111111111
