1111111111111111111111111111111111111111111111111111111111111111111111111111111111111111111111111111
1111111111111111111111111111111111111111111111111111111111111111111111111111111111111111111111111111
1111111111111111111111100011111111111111111111111111111111111111111111111111111111111111111111111111
1111111111111111111111100001111111111111111111111111111111111111111111111111111111111111111111111111
1111111111111111111111100001111111111111111111111111111111111111111111111111111111111111111111111111
1111111111111111111111100001111111111111111111111111111111111111111111111111111111111111111111111111
1111111111111111111111100001111111111111111111111111111111111111111111111111111111111111111111111111
1111111111111111111111100001111111111111111111111111111111111111111111111111111111111111111111111111
1111111111111111111111100001111111111111111111111111111111111111111111111111111111111111111111111111
1111111111111111111111100001111111111111111111111111111111111111111111111111111111111111111111111111
1111111111111111111111100001111111111111111111111111111111111111111111111111111111111111111111111111
1111111111111111111111100001111111111111111111111111111111111111111111111111111111111111111111111111
1111111111111111111111100000111111111111111111111111111111111111111111111111111111111111111111111111
1111111111111111111111100000111111111111111111111111111111111111111111111111111111111111111111111111
1111111111111111111111100000111111111111111111111111111111111111111111111111111111111111111111111111
1111111111111111111111100000111111111111111111111111111111111111111111111111111111111111111111111111
1111111111111111111111100000111111111111111111111111111111111111111111111111111111111111111111111111
1111111111111111111111100000111111111111111111111111111111111111111111111111111111111111111111111111
1111111111111111111111100000111111111111111111111111111111111111111111111111111111111111111111111111
1111111111111100011111100000111111111111111111111111111111111111111111001111111111111111001111111111
1111111111111100001111100000111111111111111111111111111111111111111110000111111111111100000111111111
1111111111111100001111100000111111111111111111111111111111111111111110000111111111111000000011111111
1111111111111100001111100000011111111111111111111111111111111111111100000111111111110000000011111111
1111111111111100001111100000011111111111111111111111111111111111111000000111111000100001100011111111
1111111111111100001111000100011111111111111111111111111111111111110000000111110000111111110011111111
1111111111111100001111000100011111111111111111111111111111111111110000001111100000111111110001111111
1111111111111100001111000100011111111111111111111111111001111111100000111111000000111111110001111111
1111111111111100001111000100011111111111111111111111110000111111100001111111000000111111110001111111
1111111111111100001111000100011111111111111111111111100000111111000011111110000001111111110011111111
1111111111111100001111000100011111111111111111111111000001111111000011111110000011111111100011111111
1111111111111100001111000110011111111111111111111111000111111110000111111100000111111111100011111111
1111111111111100001111000110011111111111111111111110000111111110000111111100001111111111100011111111
1111111111111100001110001110001111111111111100011110001111111100001111111000011111111111100011111111
1111111111111100001110001110001111111111111100001100001111111100011111111000011111111111000011111111
1111111111111000000110001110001111111111111100001100011111111000011111110000111111111111000111111111
1111111111111000000110001110001111111111111100001100011111111000111111110000111111111111000111111111
1111111111111000000100001110001111111100000000000000011111111000111111110001111111111110000111111111
1111111111111000000000001110001111111000000000000000111111110000111111110001111111111110001111111111
1111111111111000100000011110001111110000000000000000111111110001111111100001111111111100001111111111
1111111111111000100000011110001111110000000001000000111111110001111111100011111111111000011111111111
1111111111111000110000011110001111100000000001100000111111110001111111100011111111110000011111111111
1111111111111000110000011110001111000000000001100000111111110001111111100011111111110000111111111111
1111111111110000111000111110001111000001000011100000111111110001111111100011111111100001111111111111
1111111111110001111111111110001110000011000011110001111111110001111111100011111111000011111111111111
1111111111110001111111111110001110000110000001110001111111110000111111100011111110000011111111111111
1111111111110001111111111110001100001100000001111111111111111000011111100011111100000111111111111111
1111111111110001111111111110001100000000000001111111111111111000111111100011110000001111111111111111
1111111111100001111111111110001100000000010001111111111111111111111111100011100000011111111111111111
1111111111000001111111111110001100000000111111111111111111111111111111100000000000111111111111111111
1111111111000011111111111110001100000001111111111111111111111111111111100000000001111111111111111111
1111111111000011111111111111000110000011111111111111111111111111111111110000000111111111111111111111
1111111111000011111111111111000111001111111111111111111111111111111111111000001111111111111111111111
1111111111000011111111111111000111111111111111111111111111111111111111111111111111111111111111111111
1111111111100111111111111111000111111111111111111111111111111111111111111111111111111111111111111111
1111111111111111111111111111100011111111111111111111111111111111111111111111111111111111111111111111
1111111111111111111111111111100011111111111111111111111111111111111111111111111111111111111111111111
1111111111111111111111111111111111111111111111111111111111111111111111111111111111111111111111111111
1111111111111111111111111111111111111111111111111111111111111111111111111111111111111111111111111111
1111111111111111111111111111111111111111111111111111111111111111111111111111111111111111111111111111
1111111111111111111111111111111111111111111111111111111111111111111111111111111111111111111111111111
