1111111111111111111111111111111111111111111111111111111111111111111111111111111111111111111111111111
1111111111111111111111111111111111111111111111111111111111111111111111111111111111111111111111111111
1111111111111111111100011111111111111111111111111111111111111111111111111111111111111111111111111111
1111111111111111111100011111111111111111111111111111111111111111111111111111111111111111111111111111
1111111111111111111100001111111111111111111111111111111111111111111111111111111111111111111111111111
1111111111111111111100001111111111111111111111111111111111111111111111111111111111111111111111111111
1111111111111111111100001111111111111111111111111111111111111111111111111111111111100010000111111111
1111111111111111111100001111111111111111111111111111111111111111111111111111111111100000000111111111
1111111111111111111100001111111111111111111111111111111111111111111111111111111111000000000011111111
1111111111111111111100001111111111111111111111111111111111111111111111111111111111000000000011111111
1111111111111111111100001111111111111111111111111111111111111111111111111111111110000000100011111111
1111111111111111111100001111111111111111111111111111111111111111111111111111111110000001110011111111
1111111111111111111100000111111111111111111111111111111111111111111111111111111100000001110011111111
1111111111111111111100000111111111111111111111111111111111111111111110011111111100000011110011111111
1111111111111111111100000111111111111111111111111111111111111111111100011111111000000011110011111111
1111111111111111111100000111111111111111111111111111111111111111111100001111111000000111110011111111
1111111111111111111100000111111111111111111111111111111100011111111000001111110000001111110011111111
1111111111110011111100000111111111111111111111111111111100011111111000001111110000011111110011111111
1111111111110001111100000111111111111111111111111111111000011111111000001111100000111111110011111111
1111111111100001111100000111111111111111111111111111111000011111110000001111100000111111110011111111
1111111111100001111100000111111111111111111111111111110000011111110000011111100001111111110011111111
1111111111100001111100000111111111111111111111111111110000011111100000011111000001111111100011111111
1111111111100001111100000011111111111111111111111111110001111111100000111111000011111111100011111111
1111111111110001111100000011111111111111111111111111110011111111100001111111000011111111100011111111
1111111111110001111000100011111111111111111111111111100011111111000001111110000111111111100111111111
1111111111110001111000100011111111111111111111111111100011111111000011111110000111111111000111111111
1111111111110001111000100011111111111111111110011111100011111111000011111110001111111111000111111111
1111111111110001111000100011111111111111111100011111000111111110000111111110001111111111000111111111
1111111111110001111000100011111111111110001100001111000111111110000111111100001111111110000111111111
1111111111110001111000100011111111111100000000001111000111111110001111111100011111111110001111111111
1111111111110001111000100011111111111000000000000110001111111100001111111100011111111100001111111111
1111111111110001111001100011111111111000000000000110001111111100001111111100011111111100001111111111
1111111111110001110001110011111111110000000000000110001111111100011111111100011111111000011111111111
1111111111110000110001110011111111110000000000000000001111111000011111111100011111111000011111111111
1111111111110000110001110001111111100000000000000000001111111000111111111000111111110000111111111111
1111111111110000110001110001111111000000000000000000011111111000111111111000111111100000111111111111
1111111111100000110001110001111111000001100000100000011111111000111111111000111111100001111111111111
1111111111100000110001110001111110000011100001100000011111110000111111111000111111000011111111111111
1111111111100000100001110001111100000111000001110000011111110001111111111000111110000011111111111111
1111111111100000100001110001111100001111000001110000011111110001111111111000011100000111111111111111
1111111111000000000011110001111100001110000001110000111111110001111100111100011000001111111111111111
1111111111000000000011110001111000011100000000110000111111110001111000111100000000001111111111111111
1111111111000000000011110001111000111000000000000000111111110001110000111100000000011111111111111111
1111111110000100000011110001111000110000001000001000111111100001100000111110000000111111111111111111
1111111110000100000011110001110000000000011000001101111111100000000001111110000001111111111111111111
1111111000001100000111110001111000000000111100011111111111100000000011111111000011111111111111111111
1111111000001100000111111001111000000001111111111111111111110000000111111111111111111111111111111111
1111111000001110000111111001111000000011111111111111111111110000000111111111111111111111111111111111
1111110000001110001111111001111100000111111111111111111111110000011111111111111111111111111111111111
1111110000011111001111111000111111111111111111111111111111111000111111111111111111111111111111111111
1111110000011111111111111000111111111111111111111111111111111111111111111111111111111111111111111111
1111110000011111111111111000111111111111111111111111111111111111111111111111111111111111111111111111
1111110000111111111111111100011111111111111111111111111111111111111111111111111111111111111111111111
1111110000111111111111111100011111111111111111111111111111111111111111111111111111111111111111111111
1111110000111111111111111110011111111111111111111111111111111111111111111111111111111111111111111111
1111110000111111111111111111111111111111111111111111111111111111111111111111111111111111111111111111
1111111001111111111111111111111111111111111111111111111111111111111111111111111111111111111111111111
1111111111111111111111111111111111111111111111111111111111111111111111111111111111111111111111111111
1111111111111111111111111111111111111111111111111111111111111111111111111111111111111111111111111111
1111111111111111111111111111111111111111111111111111111111111111111111111111111111111111111111111111
