1111111111111111111111111111111111111111111111111111111111111111111111111111111111111111111111111111
1111111111111111111111111111111111111111111111111111111111111111111111111111111111111111111111111111
1111111111111111001111111111111111111111111111111111111111111111111111111111111111111111111111111111
1111111111111110000111111111111111111111111111111111111111111111111111111111111111111111111111111111
1111111111111110000111111111111111111111111111111111111111111111111111111111111111111111111111111111
1111111111111110000111111111111111111111111111111111111111111111111111111111111111111111111111111111
1111111111111110000111111111111111111111111111111111111111111111111111111111111111111111111111111111
1111111111111111000011111111111111111111111111111111111111111111111111111111111111111111111111111111
1111111111111111000011111111111111111111111111111111111111111111111111111111111111111111111111111111
1111111111111111000011111111111111111111111111111111111111111111111111111111111111111111111111111111
1111111111111111000011111111111111111111111111111111111111111111111111111111111111111111111111111111
1111111111111111000011111111111111111111111111111111111111111111111000111111111111111111111111111111
1111111111111111000001111111111111111111111111111111111111111111111000111111111111111111111111111111
1111111111111111000001111111111111111111111111111111111111111111110000011111111111111110111111111111
1111111111111111000001111111111111111111111111111111111111111111110000011111111111000100001111111111
1111111111111111000001111111111111111111111111111111111111111111100000011111111110000000000111111111
1111111111111111000001111111111111111111111111111111111111111111100000011111111100000000000111111111
1111111111111111000000111111111111111111111111111111111111111111000000011111111100000011000011111111
1111111111111111000000111111111111111111111111111111111111111111000000111111111100000011100011111111
1111111111111111000000111111111111111111111111111111111111111111000011111111111000000111100011111111
1111111111111111000000111111111111111111111111111111111111111110000111111111111000001111100011111111
1111111111111111000000111111111111111111111111111111111111111110000111111111110000011111100011111111
1111111111111111000000111111111111111111111111111111111111111110001111111111110000011111100001111111
1111111111111111000000011111111111111111111111111111111111111100001111111111100000111111110001111111
1111111111111111000000011111111111111111111111111111111111111100001111111111100001111111100001111111
1111111111111111000000011111111111111111111111111111111111111100011111111111000001111111100001111111
1111111111111111000100011111111111111111111111111111111111111000011111111111000011111111100001111111
1111111111111111000100011111111111111111111111111111111111111000011111111111000011111111100001111111
1111111111111111000100011111111111111111111111111111111111111000111111111110000111111111100011111111
1111111111101111000100011111111111111111111111111000111111110000111111111110000111111111000011111111
1111111111000111000100001111111111111111111111110000011111110000111111111110000111111111000011111111
1111111110000111000100001111111111111111111111110000011111110000111111111100001111111110000011111111
1111111110000011000100001111111111111111111111110000011111110001111111111100001111111110000111111111
1111111111000011000110001111111111111111111111100000111111100001111111111100001111111100001111111111
1111111111000011000110001111111111100000001111100001111111100001111111111100011111111000001111111111
1111111111000011000110001111111111000000001111100011111111100011111111111000011111110000011111111111
1111111111000010000110001111111110000000000111100011111111100011111111111000011111100000111111111111
1111111111000011000110001111111100000000000011000011111111100011111111111000011111000001111111111111
1111111111000011000110001111111000000000000001000011111111100011111111111000111110000011111111111111
1111111111000000000110001111110000000000000000000011111111100011111111111000111100000011111111111111
1111111111000000000110001111110000000000000000000111111111100000011111111000111000000111111111111111
1111111111000000000110000111100000100000110000000111111111100000011111111000100000001111111111111111
1111111111000000000111000111100001100000111000000111111111110000111111111000000000011111111111111111
1111111110000000000111000111000011000000111000000111111111111001111111111000000000111111111111111111
1111111110000000000111000111000010000000111100000111111111111111111111111000000001111111111111111111
1111111110000000001111000110000110000000111100001111111111111111111111111100000111111111111111111111
1111111110000000001111000110000100000000011110001111111111111111111111111110011111111111111111111111
1111111100000000001111000010001000000000011110011111111111111111111111111111111111111111111111111111
1111111100000000001111100000000000011000111111111111111111111111111111111111111111111111111111111111
1111111100000000001111100000000000111100111111111111111111111111111111111111111111111111111111111111
1111111000001000011111100000000001111111111111111111111111111111111111111111111111111111111111111111
1111110000011100011111110000000011111111111111111111111111111111111111111111111111111111111111111111
1111110000011111111111110000000111111111111111111111111111111111111111111111111111111111111111111111
1111110000011111111111111000111111111111111111111111111111111111111111111111111111111111111111111111
1111110000111111111111111000111111111111111111111111111111111111111111111111111111111111111111111111
1111111000111111111111111111111111111111111111111111111111111111111111111111111111111111111111111111
1111111111111111111111111111111111111111111111111111111111111111111111111111111111111111111111111111
1111111111111111111111111111111111111111111111111111111111111111111111111111111111111111111111111111
1111111111111111111111111111111111111111111111111111111111111111111111111111111111111111111111111111
1111111111111111111111111111111111111111111111111111111111111111111111111111111111111111111111111111
