1111111111111111111111111111111111111111111111111111111111111111111111111111111111111111111111111111
1111111111111111111111111111111111111111111111111111111111111111111111111111111111111111111111111111
1111111111111111111111111111111111111111111111111111111111111111111111111111111111111111100011111111
1111111111111111111111111111111111111111111111111111111111111111111111111111111111111111000001111111
1111111111111111111111111111111111111111111111111111111111111111111111111111111111111110000001111111
1111111111111111111111111111111111111111111111111111111111111111111111111111111111111100000001111111
1111111111111111111111111111111111111111111111111111111111111111111111111111111111111100000001111111
1111111111111111111111111111111111111111111111111111111111111111111111111111111111111000100011111111
1111111111111111111111111111111111111111111111111111111111111111111111111111111111111000100011111111
1111111111111111111111111111111111111111111111111111111111111111111111111111111111110001000111111111
1111111111111111111111111111111111111111111111111111111111111111111111111111111111110001000111111111
1111111111111111111111111111111111111111111111111111111111111111111111111111111111100010001111111111
1111111111111111111111111111111111111111111111111111111111111111111111111111111111100010001111111111
1111111111111111111111111111111111111111111111111111111111111111111111111111111111000100001111111111
1111111111111111111111111111111111111111111111111111111111111111111111111111111111000100011111111111
1111111111111111111111111111111111111111111111111111111111111111111111111111111110001000111111111111
1111111111111111111111110011111111111111111111111111111111111111111111111111111110000000111111111111
1111111111111111111111100001111111111111111111111111111111100001111111100111111110000001111111111111
1111111111111111111111000001111111111111111111111111111111000000111111000011111100000011111111111111
1111111111111111111110000011111111111111111111111111111110000000111110000011111100000011111111111111
1111111111111111111110000011110000111111000000000001111100000001111100000011111000000111111111111111
1111111111111111111100000011100000111100000000000000111000000001111000000111111000001111111111111111
1111111111111111111000000011000001110000000000000000010000100001110000000111111000011000011111111111
1111111111111111110000000011000011000000000000000000000000100011100000000111110000000000001111111111
1111111111111111110001000110000010000001000011000000000001100011000001000011100000000000001111111111
1111111111111111100001000100000000000110000110000000000011100000000011000000000000000000001111111111
1111111111111111000011000000000000001110000000001100000111100000000111100000000000001100011111111111
1111111111111110000110000000000000011110000000001110001111100000001111110000000000011000011111111111
1111111111111100001110000001100001111111000000011111111111110000011111111000000000110000111111111111
1111111111110000011110000001111111111111110011111111111111111111111111111111000001110000111111111111
1111111111000000111110000011111111111111111111111111111111111111111111111110000001000001111111111111
1111111110000011111100000111111111111111111111111111111111111111111111111100000000000011111111111111
1111111111001111111000001111111111111111111111111111111111111111111111111000010000000111111111111111
1111111111111111110000011111111111111111111111111111111111111111111111110000111000001111111111111111
1111111111111111100000011111111111111111111111111111111111111111111111100001111111111111111111111111
1111111111111111000000111111111111111111111111111111111111111111111111100011111111111111111111111111
1111111111111110000000111111111111111111111111111111111111111111111111000111111111111111111111111111
1111111111111100000000111111111111111111111111111111111111111111111110001111111111111111111111111111
1111111111111000000001111111111111111111111111111111111111111111111100001111111111111111111111111111
1111111111110000110001111111111111111111111111111111111111111111111100011111111111111111111111111111
1111111111110001100011111111111111111111111111111111111111111111111100011111111111111111111111111111
1111111111100001100011111111111111111111111111111111111111111111111000111111111111111111111111111111
1111111111000011000111111111111111111111111111111111111111111111111000111111111111111111111111111111
1111111110000110000111111111111111111111111111111111111111111111111000111111111111111111111111111111
1111111110001110001111111111111111111111111111111111111111111111110001111111111111111111111111111111
1111111100001100001111111111111111111111111111111111111111111111110001111111111111111111111111111111
1111111100011100011111111111111111111111111111111111111111111111110001111111111111111111111111111111
1111111000111000011111111111111111111111111111111111111111111111100011111111111111111111111111111111
1111111000110000111111111111111111111111111111111111111111111111100011111111111111111111111111111111
1111110001100001111111111111111111111111111111111111111111111111100011111111111111111111111111111111
1111110001000011111111111111111111111111111111111111111111111111100011111111111111111111111111111111
1111100000000011111111111111111111111111111111111111111111111111100011111111111111111111111111111111
1111100000000111111111111111111111111111111111111111111111111111100011111111111111111111111111111111
1111000000001111111111111111111111111111111111111111111111111111100011111111111111111111111111111111
1111000000111111111111111111111111111111111111111111111111111111111111111111111111111111111111111111
1111000001111111111111111111111111111111111111111111111111111111111111111111111111111111111111111111
1111111111111111111111111111111111111111111111111111111111111111111111111111111111111111111111111111
1111111111111111111111111111111111111111111111111111111111111111111111111111111111111111111111111111
1111111111111111111111111111111111111111111111111111111111111111111111111111111111111111111111111111
1111111111111111111111111111111111111111111111111111111111111111111111111111111111111111111111111111
