1111111111111111111111111111111111111111111111111111111111111111111111111111111111111111111111111111
1111111111111111111111111111111111111111111111111111111111111111111111111111111111111111111111111111
1111111111111111111111111111111111111111111111111111111111111111111111111111111111111111111111111111
1111111111111111111111111111111111111111111111111111111111111111111111111111111111111111111100011111
1111111111111111111111111111111111111111111111111111111111111111111111111111111111111111110000001111
1111111111111111111111111111111111111111111111111111111111111111111111111111111111111111100000001111
1111111111111111111111111111111111111111111111111111111111111111111111111111111111111111000000011111
1111111111111111111111111111111111111111111111111111111111111111111111111111111111111111000000011111
1111111111111111111111111111111111111111111111111111111111111111111111111111111111111110000100011111
1111111111111111111111111111111111111111111111111111111111111111111111111111111111111100001000111111
1111111111111111111111111111111111111111111111111111111111111111111111111111111111111100011000111111
1111111111111111111111111111111111111111111111111111111111111111111111111111111111111000110000111111
1111111111111111111111111111111111111111111111111111111111111111111111111111111111110000110001111111
1111111111111111111111111111111111111111111111111111111111111111111111111111111111110001100001111111
1111111111111111111111111110001111111111111111111111111111111111111111111111000111100011000011111111
1111111111111111111111111100000111111111111111111000000111111111111111111100000111100011000011111111
1111111111111111111111111100000111111111111111110000000011111111111111111000000111000110000111111111
1111111111111111111111111000001111111111111111000000000011111111111111110000000110000100001111111111
1111111111111111111111110000001100001111111110000000000011111110011111110000001110001000011111111111
1111111111111111111111110000000000001111111100000010000001111000000111100000001100011000011111111111
1111111111111111111111100000000000001111111000001110000001110000000111000000001100010000111111111111
1111111111111111111111000000000000001111110000011110000001100000000110000100011000100001111111111111
1111111111111111111110000000000000001111100000011110000011000000000100001100011000000011111111111111
1111111111111111111100001000000000001111000000011100000010000110001100001100010000000111111111111111
1111111111111111111000011000001100011110000000011000000000001110000000011100010000001111111111111111
1111111111111111100000111000011100001100001100000000000000001110000000111100000000011111111111111111
1111111111111111100001110000111100000000011100000000100000011110000001111110000000111111111111111111
1111111111111111110111110000111110000000111110000011100000111110000011111110000001100001111111111111
1111111111111111111111100001111111000001111111111111110001111111000111111111100010000000111111111111
1111111111111111111111000001111111111111111111111111111111111111111111111111100000000000111111111111
1111111111111111111110000011111111111111111111111111111111111111111111111111100000011000111111111111
1111111111111111111100000011111111111111111111111111111111111111111111111111100000110000111111111111
1111111111111111111100000011111111111111111111111111111111111111111111111111100001100001111111111111
1111111111111111111000000111111111111111111111111111111111111111111111111111100001000011111111111111
1111111111111111110000000111111111111111111111111111111111111111111111111111000000000111111111111111
1111111111111111100000001111111111111111111111111111111111111111111111111111000000001111111111111111
1111111111111111100000001111111111111111111111111111111111111111111111111110000000011111111111111111
1111111111111111000000001111111111111111111111111111111111111111111111111100011111111111111111111111
1111111111111110000100011111111111111111111111111111111111111111111111111000011111111111111111111111
1111111111111110001000011111111111111111111111111111111111111111111111111000111111111111111111111111
1111111111111100001000111111111111111111111111111111111111111111111111110001111111111111111111111111
1111111111111000010000111111111111111111111111111111111111111111111111110001111111111111111111111111
1111111111111000100001111111111111111111111111111111111111111111111111100011111111111111111111111111
1111111111110000100011111111111111111111111111111111111111111111111111000111111111111111111111111111
1111111111100001000011111111111111111111111111111111111111111111111111000111111111111111111111111111
1111111111000000000111111111111111111111111111111111111111111111111110001111111111111111111111111111
1111111111000000001111111111111111111111111111111111111111111111111110001111111111111111111111111111
1111111110000000011111111111111111111111111111111111111111111111111100001111111111111111111111111111
1111111110000000111111111111111111111111111111111111111111111111111100011111111111111111111111111111
1111111100000011111111111111111111111111111111111111111111111111111100011111111111111111111111111111
1111111110000111111111111111111111111111111111111111111111111111111000111111111111111111111111111111
1111111111111111111111111111111111111111111111111111111111111111111000111111111111111111111111111111
1111111111111111111111111111111111111111111111111111111111111111110001111111111111111111111111111111
1111111111111111111111111111111111111111111111111111111111111111110001111111111111111111111111111111
1111111111111111111111111111111111111111111111111111111111111111110001111111111111111111111111111111
1111111111111111111111111111111111111111111111111111111111111111110001111111111111111111111111111111
1111111111111111111111111111111111111111111111111111111111111111110001111111111111111111111111111111
1111111111111111111111111111111111111111111111111111111111111111110001111111111111111111111111111111
1111111111111111111111111111111111111111111111111111111111111111111111111111111111111111111111111111
1111111111111111111111111111111111111111111111111111111111111111111111111111111111111111111111111111
