1111111111111111111111111111111111111111111111111111111111111111111111111111111111111111111111111111
1111111111111111111111111111111111111111111111111111111111111111111111111111111111111111111111111111
1111111111111111111111111111111111111111111111111111111111111111111111111111111111111111111111111111
1111111111111111111111111111111111111111111111111111111111111111111111111111111111111111111110001111
1111111111111111111111111111111111111111111111111111111111111111111111111111111111111111111000000111
1111111111111111111111111111111111111111111111111111111111111111111111111111111111111111110000000111
1111111111111111111111111111111111111111111111111111111111111111111111111111111111111111100000000111
1111111111111111111111111111111111111111111111111111111111111111111111111111111111111111000000001111
1111111111111111111111111111111111111111111111111111111111111111111111111111111111111110000000001111
1111111111111111111111111111111111111111111111111111111111111111111111111111111111111100000000011111
1111111111111111111111111111111111111111111111111111111111111111111111111111111111111000001000111111
1111111111111111111111111111111111111111111111111111111111111111111111111111111111110000010000111111
1111111111111111111111111111111111111111111111111111111111111111111111111111111111110000100001111111
1111111111111111111111111111111111111111111111111111111111111111111111111111111111100001100011111111
1111111111111111111111111111111111111111111111111111111111111111111111111111111111000011000011111111
1111111111111111111111111000111111111111111111111111111111111111111111111111111111000010000111111111
1111111111111111111111110000011111111111111111111100001111111111111110001111111110000100001111111111
1111111111111111111111110000011111100111111111100000000111111000001100000111111110000100011111111111
1111111111111111111111100000011111000011111111000000000111110000001100000111111100000000000001111111
1111111111111111111111100000111110000001111100000000000111000000001000000111111100000000000000111111
1111111111111111111111000000111100000011110000000000000110000000000000001111111100000000000000111111
1111111111111111111111000001111000000011100000001100001100000000000000011111111000000000000000111111
1111111111111111111110000001110000000111000000111000001000000000000000011111111000000001000000111111
1111111111111111111110000011100000001110000001111000000000011000000000111111111000000010000011111111
1111111111111111111100000011000000001000000011110000000000111000000000111111110000001100000111111111
1111111111111111111000000000000000000000000111100000000001111000000000111111100000000000001111111111
1111111111111111110000000000000000000000000000000000000011111000010000111111000000000000011111111111
1111111111111111100000000000000000000000000000000000000111111100010000111100000000000001111111111111
1111111111111111000000000000011000000000000000000000001111111111110000110000000000000111111111111111
1111111111110000000000000000111100000110000000011000011111111111110000000000000111111111111111111111
1111111111100000000100000001111111111111111111111111111111111111111000000000001111111111111111111111
1111111111100000001100000011111111111111111111111111111111111111111100000000011111111111111111111111
1111111111110000111000000111111111111111111111111111111111111111111111100000111111111111111111111111
1111111111111111110000001111111111111111111111111111111111111111111111100001111111111111111111111111
1111111111111111100000011111111111111111111111111111111111111111111111100011111111111111111111111111
1111111111111111000000111111111111111111111111111111111111111111111111000011111111111111111111111111
1111111111111110000001111111111111111111111111111111111111111111111110000111111111111111111111111111
1111111111111100000001111111111111111111111111111111111111111111111110001111111111111111111111111111
1111111111111000000011111111111111111111111111111111111111111111111100001111111111111111111111111111
1111111111110000000011111111111111111111111111111111111111111111111100011111111111111111111111111111
1111111111100000000111111111111111111111111111111111111111111111111000011111111111111111111111111111
1111111111000000000111111111111111111111111111111111111111111111111000111111111111111111111111111111
1111111110000000001111111111111111111111111111111111111111111111110000111111111111111111111111111111
1111111100000100001111111111111111111111111111111111111111111111110001111111111111111111111111111111
1111111100001000011111111111111111111111111111111111111111111111100001111111111111111111111111111111
1111111000010000111111111111111111111111111111111111111111111111100011111111111111111111111111111111
1111110000110000111111111111111111111111111111111111111111111111100011111111111111111111111111111111
1111100000100001111111111111111111111111111111111111111111111111000011111111111111111111111111111111
1111100001000001111111111111111111111111111111111111111111111111000011111111111111111111111111111111
1111000010000011111111111111111111111111111111111111111111111111100011111111111111111111111111111111
1111000000000111111111111111111111111111111111111111111111111111100011111111111111111111111111111111
1110000000001111111111111111111111111111111111111111111111111111110111111111111111111111111111111111
1110000000001111111111111111111111111111111111111111111111111111111111111111111111111111111111111111
1110000000111111111111111111111111111111111111111111111111111111111111111111111111111111111111111111
1111000001111111111111111111111111111111111111111111111111111111111111111111111111111111111111111111
1111100111111111111111111111111111111111111111111111111111111111111111111111111111111111111111111111
1111111111111111111111111111111111111111111111111111111111111111111111111111111111111111111111111111
1111111111111111111111111111111111111111111111111111111111111111111111111111111111111111111111111111
1111111111111111111111111111111111111111111111111111111111111111111111111111111111111111111111111111
1111111111111111111111111111111111111111111111111111111111111111111111111111111111111111111111111111
