1111111111111111111111111111111111111111111111111111111111111111111111111111111111111111111111111111
1111111111111111111111111111111111111111111111111111111111111111111111111111111111111111111100011111
1111111111111111111111111111111111111111111111111111111111111111111111111111111111111111111000001111
1111111111111111111111111111111111111111111111111111111111111111111111111111111111111111100000001111
1111111111111111111111111111111111111111111111111111111111111111111111111111111111111111000000001111
1111111111111111111111111111111111111111111111111111111111111111111111111111111111111111000100011111
1111111111111111111111111111111111111111111111111111111111111111111111111111111111111110001100111111
1111111111111111111111111111111111111111111111111111111111111111111111111111111111111110001000111111
1111111111111111111111111111111111111111111111111111111111111111111111111111111111111100010001111111
1111111111111111111111111111111111111111111111111111111111111111111111111111111111111000110011111111
1111111111111111111111111111111111111111111111111111111111111111111111111111111111111001100011111111
1111111111111111111111111111111111111111111111111111111111111111111111111111111111110001000111111111
1111111111111111111111111111111111111111111111111111111111111111111111111111111111100010001111111111
1111111111111111111111111111111111111111111111111111111111111111111111111111111111100010011111111111
1111111111111111111111111111111111111111111111111111111111111111111111110011111111000100011111111111
1111111111111111111111111111111111111111111111111111111111111111111111100001111111000000111111111111
1111111111111111111111111111111011111111111111111111111111111111111111000001111110000001111111111111
1111111111111111111111111111110001111011111111000001111111110000111110000011111110000011111111111111
1111111111111111111111111111100001110011111110000000011111100000111100000011111100000111111111111111
1111111111111111111111111111100001100011111100000000011110000000111100000111111100000111111111111111
1111111111111111111111111111000011000011111000000000001100001000110000000111111100001111111111111111
1111111111111111111111111111000110000011110000011000001000011000100001000111111000010000111111111111
1111111111111111111111111110000100000011100000011000000000110000000010001111111000100000111111111111
1111111111111111111111111100000000000111000000111000000001110000000110001111110000000000111111111111
1111111111111111111111111000000000000100001000111000000011110000001110001111100000000000111111111111
1111111111111111111111110000000001000000011000111000000011110000011110011111000000000001111111111111
1111111111111111111111100010000011100000111000000000000111111000111100011110000000000011111111111111
1111111111111111111110000110000011100001111000000000000111111111111100011000010000000111111111111111
1111111111111111111000001110000111111111111100000110001111111111111100000000100000000111111111111111
1111111111111111111000111100001111111111111110011111111111111111111110000001000000001111111111111111
1111111111111111111111111000011111111111111111111111111111111111111111000111000000011111111111111111
1111111111111111111111111000011111111111111111111111111111111111111111111110001000111111111111111111
1111111111111111111111110000111111111111111111111111111111111111111111111100011111111111111111111111
1111111111111111111111100000111111111111111111111111111111111111111111111000111111111111111111111111
1111111111111111111111000000111111111111111111111111111111111111111111110001111111111111111111111111
1111111111111111111110001001111111111111111111111111111111111111111111100011111111111111111111111111
1111111111111111111110011001111111111111111111111111111111111111111111100111111111111111111111111111
1111111111111111111100010001111111111111111111111111111111111111111111000111111111111111111111111111
1111111111111111111000110011111111111111111111111111111111111111111110001111111111111111111111111111
1111111111111111110001100011111111111111111111111111111111111111111110011111111111111111111111111111
1111111111111111110011100111111111111111111111111111111111111111111100011111111111111111111111111111
1111111111111111100011000111111111111111111111111111111111111111111000111111111111111111111111111111
1111111111111111000111001111111111111111111111111111111111111111111001111111111111111111111111111111
1111111111111111001110001111111111111111111111111111111111111111110001111111111111111111111111111111
1111111111111110001100011111111111111111111111111111111111111111110011111111111111111111111111111111
1111111111111100011100011111111111111111111111111111111111111111100011111111111111111111111111111111
1111111111111100111000111111111111111111111111111111111111111111100111111111111111111111111111111111
1111111111111000110001111111111111111111111111111111111111111111000111111111111111111111111111111111
1111111111111001110001111111111111111111111111111111111111111111001111111111111111111111111111111111
1111111111110001000011111111111111111111111111111111111111111110001111111111111111111111111111111111
1111111111110010000111111111111111111111111111111111111111111110001111111111111111111111111111111111
1111111111100000001111111111111111111111111111111111111111111110001111111111111111111111111111111111
1111111111100000011111111111111111111111111111111111111111111110001111111111111111111111111111111111
1111111111000000111111111111111111111111111111111111111111111111111111111111111111111111111111111111
1111111111000001111111111111111111111111111111111111111111111111111111111111111111111111111111111111
1111111111100111111111111111111111111111111111111111111111111111111111111111111111111111111111111111
1111111111111111111111111111111111111111111111111111111111111111111111111111111111111111111111111111
1111111111111111111111111111111111111111111111111111111111111111111111111111111111111111111111111111
1111111111111111111111111111111111111111111111111111111111111111111111111111111111111111111111111111
1111111111111111111111111111111111111111111111111111111111111111111111111111111111111111111111111111
