1111111111111111111111111111111111111011111111111111111111111111111111111011111111111111111111111111
1111111111111111111111111111111111111011111111111111111111111111111111111011111111111111111111111111
1111111111111111111111111111111111110011111111111111111111111111111111111001111111111111111111111111
1111110011111111111111111111111111110011111111111111111111111111111111111001111111111111111111111111
1111100001111111111111111111111111110011111111111111111111111111111111111001111111111111111111111111
1111100001111111111111111111111111110011111111111111111111110111111111111001111111111111111111111111
1111000001111111111011111111111111110011111111111111111111110111111111111001111111111111111111111111
1111000000111111111011111111111111110011111111111111111111110111111111111001111111111111111111111111
1111000100111111111011111111111111110011111111111111111111110011111111111001111111111111111111111111
1111001100111111011011111111111111110011111111111111111111110011111111111001111111111111111111111111
1110001100111111011011111111111111110011111111111111111111110011111111111001111111111111111111111111
1110011100111111011011111111111111110011111111111111111111110011111111111001111111111111111111111111
1110011100111111011011111111111111110011111111111111111111110011111111111001111111111111111111111111
1110011100111111011011111111111111110011111111111111111111110011111111111001111111111111111111111111
1100111100111111011011111111111111110011111111111111111111110011111111111001111111111111111111111111
1100111100111111011011111111111111110011111111111111111111110011111111111001111111111111111111111111
1100111101111110011011111111111111110011111111111111111111110011111111111001111111111111111111111111
1100111111111111011011111111111111110011111111111111111111110011111111111001111111111111111111111111
1101111111111111011011111111111111110011111111111111111111110011111111111001111111111111111111111111
1101111111111111011011111111111111110011111111111111111111110011111111111001111111111111111111111111
1001111111100111011011111111111111110011111111111111111111110011111111111001111111111111111111111111
1001111111100111011011111111111111110011111111111111111011100011111111111001111111111111111111111111
1001111111100111011011111111111111110011111111111111111011100011111111111001111101111111111111111111
1001111111110111011011111111111111110011111111111111111001100011111111111001111001111111111111111111
1001111111110111011011111111111111110011111111111111110001100011111111111001111001111111111111111111
1011111111110111011011111111111111110011111111111111110001100011111111111001111001111111111111111111
1011111111110111011011111111111111110011111111111111110001100011111111111001111001111111111111111111
1011111111111111011010111111111111110011111111111111110001100111111111111001111001111111111111111111
0011111111111111011000011111111111110011111111111111110001100111111111111001111111111111111111111111
0011110111111111011000011111111111110011111111111111110001100111111111111001111111111111111100001111
0011110011111111011000011001111111110011001111111111110000000111111111111001111111111111111100000111
0011100011110111011000001001111111110010000111111111110000000111111111111011111111110011111100000111
0011100011110111011000001000111101110010000111111111110000000111111111111001111111100011111100000111
0011100011110011011000000000111001110000000011111111110000000111111111111011111111100011011110000111
1011100011110011011000000000111001100000000011111111110000000111001111111000111111100000011110000111
1011100011110011011000000000111011000000000011111111110000000111001110011000111111000000001111000111
1011100001110011011001000000111011000000011011111111111000010111001110011000010111010000001111000111
1001100001110011011001000000100011000000011011111111111000010110000000011000000111010000001111000111
1001100001110111011001000000000011000000011001111111111000010010000000011000000111010000001111001111
1001100001110111011001000000000011000000111001111111111000110010000000010000000110010000001111001111
1001100001110111010001000000000011100000111001111111111001110010000000110000100110010000001110001111
1001100001110111010001000000000011100000111001111111111001110010000000110000100110010000001110001111
1100100001100111010000000001000011100000111001111111111001110010000000110001100110010000001110011111
1100100001100111010000000001000011110000110011111111111001110010000000110001100110010000001110011111
1100000001100111010000000001000011110000110011111111111001110000000000110001100110010000001110011111
1100000001100111010000000000000111110000000011111111111001110000000000110001100110010000001110011111
1110000011100111010000010000000111110000000011111111111001110000000000110001100010010000001110011111
1110000011110111010000010000000111110000000011111111111001110000000000110001100010010000001100011111
1110000011111111010000011000000111110010000111111111111001111000000000111001100010010000001110011111
1111000011111111011000111000000111110010000111111111111001111000000000111001100110010000001110011111
1111100111111111011000111000000111111010000111111111111001111000000000111001100110011000001110000000
1111111111111111011011111100000111111111001111111111111001111000001000111001110111111000001110000000
1111111111111111011111111101101111111111111111111111111001111000001101111001111111111000001110000000
1111111111111111011111111111111111111111111111111111111001111100011111111001111111111100001110000001
1111111111111111011111111111111111111111111111111111111001111100111111111000111111111110011111000001
1111111111111111011111111111111111111111111111111111111111111111111111111000111111111110011111000001
1111111111111111011111111111111111111111111111111111111111111111111111111100111111111111111111100111
1111111111111111011111111111111111111111111111111111111111111111111111111100111111111111111111111111
1111111111111111111111111111111111111111111111111111111111111111111111111101111111111111111111111111
1111111111111111111111111111111111111111111111111111111111111111111111111111111111111111111111111111
