1111111110001111111111111111111111111111111111111111111111111111111111111111111111111111111111111111
1111111100001111111111111111111111111111111111111111111111111111111111111111111111111111111111111111
1111111100001111111111111111111111111111111111111111111111111111111111111111111111111111111111111111
1111111000001111111111111111111111111111111111111111111111111111111111111111111111111111111111111111
1111111001111111111111101111111111111111111111111111111111111111111111111111111111111111111111111111
1111111001111111111111101111111111111111111111111111111111111111111111111111111111111111111111111111
1111110011111111111111101111111111111111111111111111111111111111111111111111111111111111111111111111
1111110011111111111111101111111111111111111111111111111111111111111111111111111111111111111111111111
1111110011111111111111101111111111111111011111111111111111111111111111111111111111111111111111111111
1111110111111111111111101111111111111111011111111111111111111111111111111111111111111111111111111111
1111100111111111111011101111111111111111011111111111111111111111111110111111111111111111111111111111
1111100111111110111011101111111111111111011111111111111111111111111110111111111111111111111111111111
1111101111111110111011101111111111111111011111111111111111111111111110111111111111111111111111111111
1111001111111110011011101111111111111111011111111111111111111111111110111111111111111111111111111111
1111001111111110011011101111111111111111011111111111111111111111111110111111111111111111111111111111
1111001111111100011011101111111111111111011111111111111111111111111110111111111111111111111111111111
1111011111111110011011101111111111111111011111111111111111101111111110111111111111111111111111111111
1111011111111110011011101111111111111111011111111111111111001111111110111111111111111111111111111111
1110011111111110011011101111111111111111011111111111111111001111111110111111111111111111111111111111
1110111111111110111011101111111111111111011111111111110111001111111110111111101111111111111111111111
1110111111111111111011101111111111111111011111111111110011001111111110111111001111111111111111111111
1110111111111111111011001111111111111111011111111111110011001111111110111111001111111111111111111111
1110111111111111111011001111111111111111011111111111110011001111111110111110001111111111111111111111
1110111111111111111011001111111111111111011111111111110011001111111110111100001111111111111111111111
1110111111111110111011001111111111111111011111111111110001001111111110111000001111111111111111111111
1110111111111100111011001111111111111111011111111111110001001111111110111000111111111111111111111111
1100111111111100111011011111111111111111011111111111110001001111111110111000111111111111111111111111
1100111111111100111011011111111111111111011111111111110001001111111110111001111111111111111111111111
1101110001111100111011011111011111111111011111111111110001001111111110111111111111111111111111111111
1101110000111100111011011110001111111111011111111111110000001111111110111111111111111111100011111111
1100110000111100111011001110001111111111011111111111110000001111111110111111111111110111100011111111
1100110000011100110111000010001111111111011000111111110000001111111110111111111101110011100011111111
1110100110011100110111000000001110000100000000111111110000011111111010111111111001100001100011111111
1110100110011100110111001000000110000100000000011111110000011111110000111111111000100001110011111111
1110100111001100110111001000000110000000000000011111110000011111110000000111110000000001110011111111
1110101111001100110011001000000110000000000000011111110000011111100000000111110000000001110011111111
1110101111001100110011001000000100001000000011011111110000011111100000000111110000000001100111111111
1110101111001100110011001000001100111100000011001111110010011111100000000111110000000001100111111111
1110100111011100110011001000001100111111000011001111110011010100000000000101110000000001101111111111
1110000110011100110011001000001100111111000011001111110010000000000010000101110000000001101111111111
1111010110011100110011001000001100111111000011001111110011000000001110111101110000000011001111111111
1111000100011100110010001000011100111111010011001111110011000000001110111101110000000011011111111111
1111000000111101111010001000011100111111000011001111110011000000001110011101110000000111011111111111
1111000000111101111110001000011100111111000010001111110011000000001110011001110000000110011111111111
1111100001111111111111011010011100111111000000011111110011001000001110011001110000000110011111111111
1111100001111111111111011010001100111111000000011111110011000000001110011001110000000110011111111111
1111110011111111111111000011001100111111000000011111110011000000001110011101110000000110011111111111
1111111111111111111111000011000100111111001000111111110011000000001110011111110000000110011111111111
1111111111111111111111000011000101111111011000111111100011000000001110011111110000100010001111111111
1111111111111111111111100111100101111111111111111111100111000010011111111111110000100010001111110111
1111111111111111111111100111100111111111111111111111100111000011011111111111110110110011000111000111
1111111111111111111111100111111111111111111111111111100111000111011111111111111111110011000000000111
1111111111111111111111111111111111111111111111111111100111001111111111111111111111110111000000000111
1111111111111111111111111111111111111111111111111111100111011111111111111111111111111111100000000111
1111111111111111111111111111111111111111111111111111110111111111111111111111111111111111100000001111
1111111111111111111111111111111111111111111111111111111111111111111111111111111111111111110000011111
1111111111111111111111111111111111111111111111111111111111111111111111111111111111111111111111111111
1111111111111111111111111111111111111111111111111111111111111111111111111111111111111111111111111111
1111111111111111111111111111111111111111111111111111111111111111111111111111111111111111111111111111
1111111111111111111111111111111111111111111111111111111111111111111111111111111111111111111111111111
