1111111111111111111111111111111111100111111111111111111111000111111111001111111111111111111111111111
1111111111111111110111111111111111100111111111111111111111000111111111001111111111111111111111111111
1111111111111111110011111111111111100111111111111111111111000111111111001111111111111111111111111111
1111101111111111110011111111111111100111111111111111111111000111111111001111111111111111111111111111
1111000111111110110011111111111111100111111111111111111111000111111111001111111111111111111111111111
1111000111111110110011111111111111100111111111111111111111001111111111001111111111111111111111111111
1110000111111110110011111111111111100111111111111111100111001111111111001111111111111111111111111111
1110000111111110110011111111111111100111111111111111100011001111111111001111111111111111111111111111
1110000011111110110011111111111111100111111111111111100011001111111111001111111111111111111111111111
1100000011111110110011111111111111100111111111111111100011001111111111001111111111111111111111111111
1100000011111110110011111111111111100111111111111111100011001111111111001111100111111111111111111111
1100000011101110110011111111111111100111111111111111100011001111111111001111100111111111111111111111
1100000011001110110011111111111111100111111111111111100011001111111111001111000111111111111111111111
1000110011001110110011111111111111100111111111111111100011001111111111001111000111111111111111111111
1000110011001110110011111111111111100111111111111111100011001111111111001110000011111111111111111111
1001110111001110110011111111111111100111111111111111100011001111111111001110000011111111111111111111
1001110111001110110011111111111111100111111111111111000010001111111111001110000011111111111111111111
1001111111001110110011111111111111100111111111111111000010001111111111001110000011111111111111111111
0001111111001110110011111111111111100111111111111111000000001111111111001110000011111111111111111111
0011111111101110110011111111111111100111111111111111000000001111111111001110010111111111111111111111
0011111111101110110011111111111111100111111111111111100000001111111111001111010111111111111001111111
0011111111101110110011111111111111100111111111111111100000001111111111001111111110011111110000111111
0011111111101110110011111111111111100111111111111111100000001111111111001111111100011100110000111111
0011111111101110110011111111111111100111111111111111100000001111111111001111111100001100110000111111
0111111111101110110011111111111111100111111111111111100000001111111111001111111100001000010000111111
0111111111101110110011111111111111100111111111111111100000001111111111001111111000001000010000111111
0111111111101110110011111111111111110111100111111111100000001111111111001111111000000000010000111111
0111111111101110110011111111111111110111100111111111100100001111111111001111111000000000010000111111
0111111111101110110011110111111111110110000011111111100111001111111111000011111000000000011000111111
0111111111001110110011100011111111110000000011111111100111001100111111000000011000000000001000111111
1111111111001110110011100011111111100000000011111111100111001100111100000000010001000000001000111111
1111111111001110110011100011111111100000000011111111100111001100011100000000010001000000001001111111
1111111111001110110011000011101111100000011001111111100111001000011100000000000001000000011001111111
1111111111001110110001000011101111000000011001111111100111001000001000000000000001000000011001111111
1111111111001110110001000011001111000000011001111111100111100000001000000000000011000000010001111111
1111011111001110110001000011001111000000011001111111100111100000000000000000000011000000010001111111
1110011111001110110000000011001110000000011001111111100111100000000000000100000011000000010001111111
1110001111001100110000000001001110000000011001111111100111100000000000001100010011000000110001111111
1110001111001100110000000000001110000000011100111111100111100000000000001100010011000000110011111001
1110001111001100110000000000001110000110011100111111100111100000000000001100000001000000110011110001
1110001111011100110000000010001111000110011100111111100111100000000000001110010001000000110001100001
1110001111011100110000000010001111000010011100111111100111100010000000001100010011000000110001100011
1110001111011100100000000010001111110010011100111111100011100010000010001100010011000000110000000011
1110000111011100100000000010001111100010011000111111100011100010000010000100010011100000110000000011
1110000111011100100000000110001111100010011000111111100011100010000011000100011111100000110000000111
1110000111011100100000000110001111000010000000111111100011100000000011000110011111110000110000000111
0110000111011100100000000100001111000010000001111111100111100000000011000110011111111001111000000111
0110000110011100000000000100001111000010000001111111100111100000000011100110011111111111111000001111
0110000111001100000000001000001111100010000001111111100111110000000011100110011111111111111000011111
0110000111001100000000000000001111100011000001111111100111110000000011100111111111111111111000011111
0110000111001100000000000000011111100011000001111111100111110000000011100111111111111111111111111111
0110001111001100000000000000011111100011000011111111100111110000000011111111111111111111111111111111
0010001111001100000000000001011111100011100011111111100111110000110011111111111111111111111111111111
0000001111001100000000000011011111100111111111111111100111110000111111111111111111111111111111111111
0000001111001100100000000011111111110111111111111111100111110000111111111111111111111111111111111111
0000001111011100100000100011111111111111111111111111100111110001111111111111111111111111111111111111
0000001111111111100000100111111111111111111111111111111111111001111111111111111111111111111111111111
1000011111111111110001111111111111111111111111111111111111111011111111111111111111111111111111111111
1000011111111111110001111111111111111111111111111111111111111111111111111111111111111111111111111111
1100011111111111110011111111111111111111111111111111111111111111111111111111111111111111111111111111
