1111111111111111111111111111111111111111111111111111111111111111111111100111111111111111111111111111
1111111111111111111111111111111111111111011111111111111111111111111111100111111111111111111111111111
1111111110111111111101111111111111111111011111111111111111101111111111101111111111111111111111111111
1111111110011111111101111111111111111111011111111111111111101111111111101111111111111111111111111111
1111111100001111111100111111111111111111011111111111111111101111111111101111111111111111111111111111
1111111100001111111100111111111111111111011111111111111111101111111111101111111111111111111111111111
1111111000001111111100101111111111111111011111111111111111101111111111101111111111111111111111111111
1111111001101111111100101111111111111111011111111111111111101111111111101111111111111111111111111111
1111110011100111101100101111111111111111011111111111110111101111111111101111111111111111111111111111
1111110011110111001100101111111111111111011111111111110111101111111111101111111111111111111111111111
1111110011110111001100101111111111111111011111111111110111101111111111101111111111111111111111111111
1111110111110111001100101111111111111111011111111111110011101111111111101111111111111111111111111111
1111110111110111001100101111111111111111011111111111110011101111111111101111111111111111111111111111
1111100111110111101100101111111111111111011111111111110011101111111111111111111111111111111111111111
1111101111110111101100101111111111111111011111111111110011101111111111111111111111111111111111111111
1111101111110111101100101111111111111111011111111111110011001111111111111111111111111111111111111111
1111101111101111101110101111111111111111011111111111110011101111111111111111111111111111111111111111
1111101111101111101110101111111111111111011111111111110011101111111111111111111111111111111111111111
1111001111111111101110101111111111111111011111111111110011101111111111111111110111111111111111111111
1111011111111111101110101111111111111111011111111111110001101111111111111111110111111111111111111111
1111011111111111111110101111111111111111011111111111110001101111111111111111100111111111111111111111
1111011111111111111110101111111111111111011111111111110001001111111111111111100111111111111111111111
1111011111111111111110101111111111111111011111111111110000001111111111111111100111111111111111111111
1111111111111111111110101111111111111111011111111111110000001111111111111111000111111111111111111111
1110111111111111101110101111111111111111011111111111110000001111111111111111001111111111111111111111
1110111111111111101110101111111111111111011111111111110000001111111111111111001111111111111101111111
1110111111111111101110101111111111111111011111111111110000001111111111111110011111111111111100111111
1110111111111111001110100111110011111111011111111111110010001111111111111110011111111111111100111111
1110111111111111001110100011110011111111011111011111110011101111111111111110011111111001111100111111
1110111111111111001110100001100011111111011100001111110011101111111101111110011110110001111100111111
1110111111111111001111100001100001111011001000001111110011101101111101111110111100110001111100111111
1111111111111111001111100001100001111010000000001111110011101101111101111111111100010001111100111111
1111111100111111001111100000100001111000000000001111110011101001111001101101111000000001111001111111
1101111100011111001111100000000001111000000000100111110011101000011001100001111000000001111001111111
1101111100011111001111100100000001110000000000110111110011101000011000100001111000000001111001111111
1101111000001111001101100100000001110000000000110111110011100000000000000001110000000001111011111111
1101111000001111001101100100000001110010001001110111110011100000000000000001110000000001110011111111
1101111001001111001101100110000000010111011001110111110011100000000000000001110000000001110011111111
1101110011101111001101100110000010000111001001110111110011100000000000000000110010000011110111111111
1101110011101111001101100110000010000111001001110111110011100010000000000110110010000011110111111111
1101110011100111001101100110000010000111001001110111110011100010000010000110110010000011110111111111
1101110111100111001101100110000010001111001100110111110011100010000011100110110010000011111111111111
1101110111100111001101100110000110001111001100110111110011100010000011110110110010000111101111111011
1101110111100111001101000110000110001111001100100111110011100000000011110110110010000101101111110011
1111110111100111001101000110000111001111101100000111110011100000000011110110110010000001101111100011
1111110111101111001101001110000110001111101100000111110011110000000011110100110010000001101111000011
1110110111101111001101001110000000001111001110000111110011110000000011110100110010000001101111000111
1110100111101111001101101100000000001111001110000111110011110000000011110100110000000001100000000111
1110101111101111001101100100100000001111001110000111110011110000111111110110110000000011100000001111
1110001111001111011101100000100000001111001110000111110011110000111111110110110010000011100000011111
1111000111001111111111100001110000001111001111001111110011110001111111110011110110011111100000011111
1111000111001111111111110001111000011111001111001111111011110011111111110011111110111111110000111111
1111000110001111111111110001111111011111111111001111111011110011111111110011111110111111111001111111
1111100000011111111111110011111111011111111111111111111111111011111111110011111111111111111111111111
1111100000011111111111111011111111111111111111111111111111111111111111110011111111111111111111111111
1111100000111111111111111111111111111111111111111111111111111111111111110011111111111111111111111111
1111110001111111111111111111111111111111111111111111111111111111111111111111111111111111111111111111
1111111111111111111111111111111111111111111111111111111111111111111111111111111111111111111111111111
1111111111111111111111111111111111111111111111111111111111111111111111111111111111111111111111111111
1111111111111111111111111111111111111111111111111111111111111111111111111111111111111111111111111111
