1111111111111111111111111111111111111111111111111111111111111111111111111111111111111111111111111111
1111111111111111111111111111111111111111111111111111111111111111111111111111111111111111111111111111
1111111111111111111111111111111111111111101111111111111111111111111111001111111111111111111111111111
1111111110011111111001111111111111111111101111111111111111111111111111001111111111111111111111111111
1111111100001111111001101111111111111111101111111111111111111111111111001111111111111111111111111111
1111111100001111111001101111111111111111101111111111111111111111111111001111111111111111111111111111
1111111000000111111001100111111111111111101111111111111111111111111111001111111111111111111111111111
1111111001100111111001100111111111111111001111111111111111100111111111001111111111111111111111111111
1111110011100111111101100111111111111111001111111111111111100111111111001111111111111111111111111111
1111110011110111111101101111111111111111001111111111111111100111111111001111111111111111111111111111
1111110111110011111101101111111111111111001111111111111111100111111111001111111111111111111111111111
1111110111110011011101101111111111111111001111111111111111100111111111001111111111111111111111111111
1111100111110011001101101111111111111111001111111111111111100111111111001111111111111111111111111111
1111101111110011001101101111111111111111001111111111111111100111111111001111111111111111111111111111
1111101111110011001101101111111111111111001111111111110011100111111111101111111111111111111111111111
1111001111110011001101101111111111111111011111111111110011100111111111101111111111111111111111111111
1111011111110011001101101111111111111111001111111111110011100111111111101111111111111111111111111111
1111011111110111001101101111111111111111001111111111110011100111111111101111111111111111111111111111
1111011111111111001101101111111111111111001111111111110011100111111111101111111111111111111111111111
1111111111111111011101101111111111111111001111111111110011100111111111101111111111111111111111111111
1110111111111111111101101111111111111111001111111111110011100111111111101111111111111111111111111111
1110111111111111111101101111111111111111001111111111110001100111111111101111111111111111111111111111
1110111111111111111101101111111111111111001111111111110001100111111111101111101111111111111111111111
1111111111111111111101101111111111111111001111111111110001100111111111101111101111111111111111111111
1101111111111111111101101111111111111111101111111111110001100111111111101111001111111111111111111111
1101111111111111111101101111111111111111101111111111110001100111111111101111001111111111111111111111
1101111111111111111101101111111111111111101111111111110001100111111111101110001111111111111111111111
1111111111111111111101101111111111111111101111111111110001100111111111101110011111111111111111111111
1111111111111111011101101111111111111111001000011111110001100111111111101110011111111111111111111111
1011111111111111011101101111111111111111001000011111110000000111111111101100011111111111000111111111
1011111111111111011101101111100011111100000000001111110000000111111111101100111111111111000111111111
1011111111111111011101101111100011111100000000001111110000000111111111101100111101111111000011111111
1011110001111111011101101111000011111000000001100111110010010111111111101100111000110111000011111111
1011110001111110011101101111000011111000000001100111110010010111111111000000111000100011000011111111
1011110001111110011101100111000011110000000001100111110111110111111111000001110000000011100011111111
1011110000111110011101100000000011110000000001100111110111110111111110000001110000000011100111111111
1011110100111110011101100000000011000001000001110111110111110111111100000011110000000011100111111111
1011100110111110011101000000000011000011100011110111110111110111111100000011110000000011100111111111
1011100110011110011101000000000011000111100011110111110111110110011000001111110000000011001111111111
1011101110011110011111000000000011000111100011110111110111110000000000001111110000000011001111111111
1011101111011110011011000100000111001111100011100111110111110000000000101111110000000011001111111111
1011101111011110011011000100000111001111100011100111110111110000000000101111110000000011001111111111
1011101111011110011011000100001111001111100011100111110111110000000001101110100000000011001111111111
1011101111001110011011000100001111001111100011001111110111110001000001101110010000000010011111111111
1011101111001110011011000100011111001111100011001111110111110001000001101100010000000110011111111111
1011101111001110011011000100011101001111100000001111110111110001000011101100010000000110011111111110
1011101111001110011011000100011100001111100000011111110111110001000011101100010000000110011111111000
1011111111001110011011000100000001001111111000011111110111110000000011101100010000000110011111111001
1101101111001110011011001100000001001111111100111111110111110000000011101100010100000110011111100011
1101111111011110011011001100000011011111111101111111110111110000000011101100111110000110111111000011
1101111111011110011011011100000011111111111111111111110111110000010011101100111110001110011110000111
1101111110011110011011011100000111111111111111111111110111110000110011101110111111001110011100001111
1101111110011110011011011101111111111111111111111111110111110000111111101111111111111110000000001111
1100111110011111011011011001111111111111111111111111110111110011111111101111111111111110000000011111
1110111100111111111011011001111111111111111111111111110111110011111111101111111111111110000000111111
1110011100111111111011000001111111111111111111111111110111110011111111101111111111111111000011111111
1110000001111111111011100011111111111111111111111111110111110011111111111111111111111111100111111111
1111000001111111111011100011111111111111111111111111111111110011111111111111111111111111111111111111
1111000011111111111011100011111111111111111111111111111111111111111111111111111111111111111111111111
1111100011111111111011110111111111111111111111111111111111111111111111111111111111111111111111111111
