1111111111111111111111111111111111111111111111111111111111111111111111111111111111111111111111111111
1111111001111111111111111111111111111111111111111111111111111111111111111111111111111111111111111111
1111110000111111111111111111111111111111111111111111111111111111111111111111111111111111111111111111
1111110000111111111111111111111111110011111111111111111111111111111111111111111111111111111111111111
1111100000011111111111111111111111110011111111111111111111111111111111111111111111111111111111111111
1111100110011111111111111111111111110011111111111111111111111111111111111111111111111111111111111111
1111101110011111111111111111111111110011111111111111111111111111111111111111111111111111111111111111
1111001111011110111111111111111111110011111111111111111111111111111111111111111111111111111111111111
1111011111011110111011111111111111110011111111111111111111111111111111111111111111111111111111111111
1111011111011110111011111111111111110011111111111111111111111111111111111111111111111111111111111111
1110011111111110110011111111111111110011111111111111111111111111111111111111111111111111111111111111
1110111111111110010011111111111111110011111111111111111111111111111111111111111111111111111111111111
1110111111111110010011111111111111110011111111111111111111111111111111111111111111111111111111111111
1110111111111110010011111111111111110011111111111111111111111111111111111111111111111111111111111111
1100111111111110110011111111111111110011111111111111111111111111111111111111111111111111111111111111
1100111111111110110011111111111111110011111111111111111111111111111111001111111111111111111111111111
1101111111111110010011111111111111110011111111111111111111111111111111001111111111111111111111111111
1101111111111110010011111111111111110111111111111111111111111111111111001111111111111111111111111111
1101111111111110010011111111111111110111111111111111111110111111111111001111111111111111111111111111
1001111111110110110011111111111111110111111111111111111110011111111111001111111111111111111111111111
1001111111100110110011111111111111110111111111111111111110011111111111001111111111111111111111111111
1001111111110110110011111111111111110111111111111111111100011111111111001111111111111111111111111111
1011111111110110110011111111111111110111111111111111111100011111111111001111111111111111111111111111
1011111111110110110011111111111111110111111111111111111100011111111111001111111111111111111111111111
1011111111111110110011111101111111110111111111111110111100111111111111001111111111111111111111111111
1011111111111110110011111000111111110111111111111110011100111111111111001111111111111111111111111111
1011110011111110110011111000111111110111111111111110011100111111111111001111111111111111111111111111
1011100011101110110011110000111101110000111111111110011100111111111111001111111111111111111111111111
1011100011101110110001110000111101110000011111111110011000111111111111011111111111111111111111111111
1011100011101110110000110000001000000000001111111110011000111111111111011110011111111111111111111111
1011100001101110110000110000000000000000000111111100011000111111111111011100011111111111111111111111
1011101001101110110000110000000000000000000111111100000000111111111111011100011111111111111111111111
1011001001101110110000010000000011000000000011111100000010111111111111011000011111111111111111111111
1011101001101110110000000000000011000000110011111100000010111111111111000000011111111111111111111111
1001101001101110110000000001000111000000110011111100000110111111111111000000111100111101111100111111
1001101001101110110000000011000111100000110011111100000110111111111110000001111100011001111100111111
1101101001101110110001000011000111100000110011111100001110110000011000000011111000011000111100011111
1101100011101110110001000010000111100000110011111100011110110000011000000011110000011000111100011111
1100000011101110010011000000000111100000110011111100111110110000000000000011110000000000111100011111
1100000011111110011011000000001111100010000011111100111110010000000000000011100000000000111100011111
1110000011111110011000000000001111100110000111111100011110000000000000011011100010000000111100111111
1110000111111110011000010000001111110110000111111100011110000000000000011001100010000000111100111111
1111001111111110111100011001111111111110000111111100011110000000000000011001100010000011111000111111
1111111111111110111100011111111111111111001111111100011110000000000000011001100010000111111001111111
1111111111111110111100011111111111111111111111111100011110000000000010011001100110000111111001111111
1111111111111111111100111111111111111111111111111110011110000001000110011001100110000011110001111111
1111111111111111111111111111111111111111111111111110111110000001000110001001100110000001110011111111
1111111111111111111111111111111111111111111111111110111111000001000111001001100110000001110011111111
1111111111111111111111111111111111111111111111111111111111000011100110001001100110000001110011111110
1111111111111111111111111111111111111111111111111111111111000011100111001101100110000001110011111100
1111111111111111111111111111111111111111111111111111111111111111101111011111111110011011110011111000
1111111111111111111111111111111111111111111111111111111111111111111111111111111111011111110011110001
1111111111111111111111111111111111111111111111111111111111111111111111111111111111111111110001100011
1111111111111111111111111111111111111111111111111111111111111111111111111111111111111111110000000011
1111111111111111111111111111111111111111111111111111111111111111111111111111111111111111110000000111
1111111111111111111111111111111111111111111111111111111111111111111111111111111111111111110000001111
1111111111111111111111111111111111111111111111111111111111111111111111111111111111111111111000001111
1111111111111111111111111111111111111111111111111111111111111111111111111111111111111111111111111111
1111111111111111111111111111111111111111111111111111111111111111111111111111111111111111111111111111
1111111111111111111111111111111111111111111111111111111111111111111111111111111111111111111111111111
