1111111111111111111111111111111111111111111111111111111111111111111111110111111111111111111111111111
1111111111111111111111111111111111111111111111111111111111111111111111110111111111111111111111111111
1111111111111111111111111111111111111111111111111111111111111111111111110011111111111111111111111111
1111111111111111111111111111111111111111111111111111111111111111111111110011111111111111111111111111
1111111111111111111111111111111111111111111111111111111111111100000111110011111111111111111111111111
1111111111111111111111111111111111111111111111111111111111111100000111110011111111111111111111111111
1111111111111111111111111111111111111111111111111111111111111000000111110011111111111111111111111111
1111111111111111111111111111111111111111111111111111111111111000000111110011111111111111111111111111
1111111111111111111111111111111111111111111111111111111111110000110111110011111111111111111111111111
1111111111111111111111111111111111111111111111111111111111110001111111110011111111111111111111111111
1111111111111111111111111111111111111111111111111111111111110011111111110011111111111111111111111111
1111111111111111111111111111111111111111111111111111111111110011111111110011111111111111111111111111
1111111111111111111111111111111111111111111111111111111111110011111111110011111111111111111111111111
1111111111111111111111111111111111111111111111111111111111110011111111110011111111111111111111111111
1111111111111111111111111111111111111111111111111111111111110011111111110011000000011111111111111111
1111111111111111111111111111111111111111111111111111111111110011111111110011000000001111111111111111
1111111111111111111111111111111111111111111111111111111111110011111111110011000000001111111111111111
1111111111111111111111111111111111111111111111111111111111110011111111111011000000001111111111111111
1111111111111111111111111111111111111111111111111111111111110011111111111001001111101111111111111111
1111111111111111111111111111111111111111111111111111111111110011111111111001111111111111111111111111
1111111111111111111111111111111111111111111111111111111111110011111111111001111111111111111111111111
1111111111101111111111111111111111111111111111111111111111110011111111111001111111111111111111111111
1111111101000111111111111111111111111111111111111111111111110011111111111001110111111111111111111111
1111111000000011111111111111111111111111111111111111111111110011111111111001110111111111111111111111
1111110000000000011111111111111111111111111111111111111111110011111111111001100111111111111111110011
1111110000000000011111111111111111111111111111111111111111110011110011111001100011111111111111110011
1111100000000000011111111111111111111111111111111111111111110010000011111001100011111111111111100011
1111100001100000011111111111111111111111111111111111111111110000000011111001110011111111111111000011
1111111111100111011111111111111111111111110011111111111111110000000011111101110011111111111111000111
1111111111100111111111111111111111111111110001111111111111110000000011111100110011111111111110001111
1111111111100111111111111111111111111111100000111111111111110000000111111100110011111110011110001111
1111111111100111111111111111111111111110100000111111111111110001110111111100110011111100000010011111
1111111111100111111111111111111111111100100000011111111111110011111111111100110011111000000010011111
1111111111100111111111111111111111111100000000011111111111110011111111111100110011111000000010001111
1111111111100111111111111111111110111100000000011111111111110011111111111100110001110000000010000111
1111111111100111111111111111000100011100001100011111111111110011111111111100110001110000110010000011
1111111111100111111111001110000000011100001100011111111111110001111111111100110001110001110011000001
1111111111100111111111001110000000011100001100011111111111110001111111111100010001110011110011000001
1011111111100111111111001100000000011110001110001111111111110001111111111110010001100011110011110000
1001111111100111011111001100000000011110001110001111111111110001111111111110010001100011110011111000
1001111111100110011111001100111000011110001110001111111111111001111110001110011001110011110011111000
1001111111100110011111001100111100011110001110001111111111111001111100001110011001110011110001111000
0001111111100110011111001100111100011110001110001111111111111001110000001110011001110001100001111000
0001111111100110011111001000111100011110001110001111111111111001000000001110011001110000000001111001
0001111111100110011111001000111100011110001111001111111111111000000000011110011111110000000001111001
0001111111100110011111001000111100011110001111001111111111111000000001111110011111111000000000110001
0011111111000110011111001100111100011110001111000111111111111100000111111111011111111100001000000001
0011111111001110011111001100111100011110001111000111111111111100001111111111111111111110011100000011
1001111111001110011111001100111100001110001111000111111111111100111111111111111111111111111100000011
1001111110001110011111001100111100001110001111000111111111111111111111111111111111111111111111100111
1001111100001110011110001100011000001110001111000111111111111111111111111111111111111111111111111111
1001111100011110011110001100000000001111001111001111111111111111111111111111111111111111111111111111
1001110000011110011110011110000001001111111111111111111111111111111111111111111111111111111111111111
1000000000111110011100011111000001001111111111111111111111111111111111111111111111111111111111111111
1000000001111110000000011111100011001111111111111111111111111111111111111111111111111111111111111111
1100000011111110000000111111110111101111111111111111111111111111111111111111111111111111111111111111
1100000111111111000000111111111111111111111111111111111111111111111111111111111111111111111111111111
1110011111111111000001111111111111111111111111111111111111111111111111111111111111111111111111111111
1111111111111111100011111111111111111111111111111111111111111111111111111111111111111111111111111111
1111111111111111111111111111111111111111111111111111111111111111111111111111111111111111111111111111

