1111111111111111111111111111111111111111111111111111111111111111111111111111111111111111111111111111
1111111111111111111111111111111111111111111111111111111111111111111111111111111111111111111111111111
1111111111111111111111111111111111111111111111111111111100000000111111111111111111111111111111111111
1111111111111111111111111111111111111111111111111111111100000000111111111111111111101111111111111111
1111111111111111111111111111111111111111111111111111111000000000111111100111111111000111111111111111
1111111101111111111111111111111111111111111111111111111000000000011111000111111110000111111111111111
1111110000000001111111111111111111111111111111111111111000000000011111000111111110000111111111111111
1111110000000001111111111111111111111111111111111111111000000000011111000111111100000111111111111111
1110000000000000111111111111111111111111111111111111111000001000011111000111111000000111111111111111
1100000000000000111111111111111111111111111111111111111000011100011111000111110000000111111111111111
1000000000000000011111111111111111111111111111111111111000111110011111000111110000001111111111111111
0000000000000000011111111111111111111111111111111111111000111110111111000111100000111111111111111111
0000000000111100011111111111111111111111111111111111111000111111111111000111000000111111111111111111
0000000000111110011111111111111111111111111111111111111000111111111111000111000001111111111111111111
1000111000111110111111111111111111111111111111111111111000111111111111000111000011111111111111111111
1000111000111111111111111111111111111111111111111111111000111111111111000111000111111111111111111111
1111111100111111111111111111111111111111111111111111111000111111111111000111001111111111111111111110
1111111100111111111111111111111111111111111111111111111000111111111111000111001111111111111111111000
1111111100111111111111111111111111111111111111111111111000111111111111000111001111111111111111110000
1111111100111111111111111111111111111111111111111111111000111111111111000111000111111111111111110000
1111111100111111111111111111111111111111111111111111111000111111111111100111000111111111111111100000
1111111100111111111111111111111111111111111111111111111000111111111111100111000111111111111111100000
1111111100111111111111111111111111111111111111111111111000111111111111100111000111111111111111100000
1111111100111111111111111111111111111111111111111111111000111111111111100111000111111111111111100000
1111111100111111111111111111111111111111111111111111111000010100111111100111000111111111111111000011
1111111100111111111111111111111111111111111111111111111000000000111111100111000111111111110011000111
1111111100111111111111111111111111111111111111111111111000000000011111100111000111111100000011001111
1111111100111111111111111111111111111111111111111111111000000000011111100111000111110000000010001111
1111111100111111111111111111111111111111111111111111111000000000011111100111000111100000000000001111
1111111100111111111111111111111111111111111111111111111000000000011111100111000111100000000000011111
1111111100111111111111111111111111111111111111111111111000000000011111100111000111000000000000001111
1111111100111111111111111111111111111111111111111111111000000100011111100111000111000000000000001111
1111111100111111111111111111111111111111111111111111111100011110111111100111000111000001000000000111
1111111100111111111111111111111111111111111111111111111100011111111111100011000111000111000000000011
1111111100111111111111111111111111111111111111111111111100011111111111100011000110000111000000000001
1111111100111111111111111111111111101111111111111111111100011111111111100011000110000111000010000000
1111111100111111111001111111111110000011111111111111111100011111111111100011000110001111000011000000
1111111000111111111001111111111110000011111111111111111100011111111111100011000110000111000011100000
1111111000111111111000100011111110000011111111111111111100011111111111100011000111000110000011110000
1111111000111111111000000011111100000011111111111111111100011111111111100011100111000000000011111000
1011111000110111111000000001111100000001111111111111111100011111111111100011100111000000000011111000
0001111000110011111000000000011100000001111111111111111100011111111111100011100111000000000011111000
0001111000100011110000000000010000000001111111111111111100011111111111110011100111100000000011110000
0000111000100011110000000000010000010001111111111111111100011111001111110011100011100000010011100000
0000110000100011110000000000010000010001111111111111111000000000000111110011100111110000110011000001
0000110000100011110000011100010000010001111111111111111000000000000111110011100111111001110011000001
0000110000100011110000011100010000010001111111111111111000000000000111110011100111111111110011000011
0001110001100011110000011100010000111001111111111111111000000000000111110011110111111111111111000011
0000110001100011100000011000010000111000111111111111111100000000001111110011111111111111111111111111
0000100001100011100000011000010000111000111111111111111100000000011111111011111111111111111111111111
1000100011100011100000011000010000111000111111111111111100000011111111111111111111111111111111111111
1000000011100011000000000000010000111000111111111111111111000111111111111111111111111111111111111111
1000000011100001000000000000010000111000111111111111111111111111111111111111111111111111111111111111
1000000011110000000100000000010000111000111111111111111111111111111111111111111111111111111111111111
1000000111110000000110000000010000111000111111111111111111111111111111111111111111111111111111111111
1000000111110000000110000000010000111000111111111111111111111111111111111111111111111111111111111111
1000001111110000001111000000010001111000111111111111111111111111111111111111111111111111111111111111
1100001111110000001111000110010001111000111111111111111111111111111111111111111111111111111111111111
1100001111111000011111111110000001111000111111111111111111111111111111111111111111111111111111111111
1110111111111000111111111110011001111000111111111111111111111111111111111111111111111111111111111111

