1111111111111111111111111111111111111111111111111111111111111111111111111111111111111111111111111111
1111111111111111111111111111111111111111111111111111111111111111111111111111111111111111111111111111
1111111111111111111111111111111111111111111111111111111111101111111100111111111111111111111111111111
1111111111111001111111111111111111111111111111111111111100000111111100111111111111111111111111111111
1111111100000000111111111111111111111111111111111111111000000011111100011111111111111111111111111111
1110000000000000111111111111111111111111111111111111111000000011111100011111111111111111111111111111
1100000000000000111111111111111111111111111111111111110000000001111100011111111111111111111111111111
1100000000000000111111111111111111111111111111111111110000000001111100011111111111111111111111111111
1100000000000000111111111111111111111111111111111111110000000001111100011111111111111111111111111111
1100000000000000111111111111111111111111111111111111110000000001111100011111111111111111111111111111
1100000000000001111111111111111111111111111111111111110000000001111100011111111111111111111111111111
1100000000001111111111111111111111111111111111111111110000110001111100011111111111111111111111111111
1100000000011111111111111111111111111111111111111111110001110001111100011111111111111111111111111111
1110000000011111111111111111111111111111111111111111110001111011111100011111111111111111111111111111
1111111000011111111111111111111111111111111111111111110001111111111100011111111111111111111111111111
1111111000011111111111111111111111111111111111111111110001111111111100011111111111111111111111111111
1111111100011111111111111111111111111111111111111111110001111111111100011111000001111111111111111111
1111111100011111111111111111111111111111111111111111110001111111111100001100000000111111111111111111
1111111100011111111111111111111111111111111111111111110001111111111100000000000000111111111111111011
1111111100011111111111111111111111111111111111111111110000111111111110000000000000111111111111110011
1111111100011111111111111111111111111111111111111111110000111111111110000000000000111111111111110001
1111111100011111111111111111111111111111111111111111110000011111111110000000000000111111111111100001
1111111100011111111111111111111111111111111111111111110000000001111110000000000000111111111111100001
1111111100011111111111111111111111111111111111111111110000000000111110000000000001111111111111000001
1111111100011111111111111111111111111111111111111111110000000000111110000000001111111111111110000011
1111111100011111111111111111111111111111111111111111110000000000111110000000011111111111111110000011
1111111100011111111111111111111111111111111111111111110000000000111110001000111111001111111100000111
1111111100011111111111111111111111111111111111111111111000000000111110001000011111001111111100000111
1111111100011111111111111111111111111111111111111111111000000000111110001000011100000111011000001111
1111111100011111111111111111111111111111111111111111111000000000111110000000011100000110001000001111
1111111100011111111111111111111111111111111111111111111000111100111111000000011100000110001000011111
1111111100011111111111111111111111111100111111111111111000111111111111000100011000001100001000001111
1111111100011111111111111111111111111000001111111111111000111111111111000100011000001100001000000111
1111111100011111111111111111111111111000001111111111111000111111111111000100011000011100001000000111
1111111100011111111111111110010011110000001111111111111000111111111111000100011000011100001100000011
1111111100011111111111111100000011110000001111111111111000111111111111000100011000011100001100000011
1111111100011100111110011000000001110000000111111111111000011111111111000100011000011100001100000001
1101111100011100111110011000000001110000000111111111111000011111111111000000001000011100001110000001
1000111100011000111100011000000001110000000111111111111000011111111111000000001000011100001111000000
1000111100001000111100011000000001110000000111111111111000011111111111000000001100001100001111100000
1000111100001000111100011000000001110000000011111111111000011111111111000000001100000000001111100000
1000111100000000111100011000000001110000000011111111111100001111001111000010001100000000001111110000
1000111100010000111100011000000001110001000011111111111100000000001111100010001100000000001111110000
1000111100010000111100011000000000110001000011111111111100000000001111100010001110000000001111111000
1000111100010000111000011000000000110001000011111111111100000000001111100010000111000000001111111000
1000111100011000111000011000000000110001000011111111111100000000001111100010000111000000000111111000
0000111100011000111000011000000000110001100011111111111100000000001111100010000111000000000111111000
0000111100011000111000011000000000110001100011111111111100000000011111100010001111000000000011111000
1000011000011000011000011000000000110001100011111111111100000000111111100010001111110011000000110000
1000011000011000011000111000000000110001100011111111111100000001111111110011001111111111000000000000
1000000000011000011000111100000000010000100001111111111100000011111111110011111111111111001000000000
1000000000111100000000111100000000000000100001111111111110001111111111111111111111111111001000000000
1100000000111100000000111100000000010001110001111111111111111111111111111111111111111111111100000001
1100000000111100000000111100000000010001110001111111111111111111111111111111111111111111111110000001
1100000000111100000001111110000000010001110001111111111111111111111111111111111111111111111111000011
1100000001111100000001111110001100010001110001111111111111111111111111111111111111111111111111100111
1110000001111110000001111111111100011111110001111111111111111111111111111111111111111111111111111111
1110000011111110000001111111111100111111111001111111111111111111111111111111111111111111111111111111
1111101111111111000011111111111111111111111111111111111111111111111111111111111111111111111111111111
1111111111111111000011111111111111111111111111111111111111111111111111111111111111111111111111111111

