1111111111111111111111111111111111111111111111111111111111111111111111110011111111111111111111111111
1111111111111111111111111111111111111111111111111111111111111111111111110011111111111111111111111111
1111111111111111111111111111111111111111111111111111111111111111111111100011111111111111111111111111
1111111111111111111111111111111111111111111111111111111111111111111111100011111111111111111111111111
1111111111100001111111111111111111111111111111111111111111111100011111100011111111111111111111111111
1111111111000000111111111111111111111111111111111111111111000000011111110011111111111111111111111111
1111111100000000111111111111111111111111111111111111111110000000001111110011111111000011111111111111
1111111100000000111111111111111111111111111111111111111100000000001111110011111110000011111111111111
1111000000000000111111111111111111111111111111111111111100000000001111110001111100000011111111111111
1110000000000000111111111111111111111111111111111111111100000000001111110001111100000011111111111111
1110000000000111111111111111111111111111111111111111111100000000001111110001111000000011111111111111
1110000000011111111111111111111111111111111111111111111100000000001111110001110000000111111111111111
1110000000111111111111111111111111111111111111111111111100000111001111110001110000011111111111111111
1110000001111111111111111111111111111111111111111111111100011111001111110001110000011111111111111111
1111000001111111111111111111111111111111111111111111111100011111111111110001110000111111111111111111
1111111101111111111111111111111111111111111111111111111100011111111111110001111001111111111111111111
1111111000111111111111111111111111111111111111111111111100011111111111110001110011111111111111110001
1111111000111111111111111111111111111111111111111111111100011111111111110001110001111111111111110000
1111111000111111111111111111111111111111111111111111111100011111111111110001110001111111111111100000
1111111000111111111111111111111111111111111111111111111100011111111111111001110001111111111111000000
1111111100011111111111111111111111111111111111111111111100011111111111111000110001110011111111000000
1111111100011111111111111111111111111111111111111111111100011111111111111000110001110001111110000001
1111111100011111111111111111111111111111111111111111111100011111001111111000110001000001110010000011
1111111100011111111111111111111111111111111111111111111100000000000111111000110001000001110000000111
1111111100011111111111111111111111111111111111111111111100000000000111111000100001000001110000000111
1111111100011111111111111111111111111111111111111111111100000000000011111000100001000001100000000111
1111111100011111111111111111111111111111111111111111111100000000000011111000100001000011100000000011
1111111100011111111111111111111111111111111111111111111100000000000011111000100000000111100000000011
1111111100011111111111111111111111111111000111111111111100000000000111111000100000000111100001000001
1111111100011111111111111111111111111111000111111111111100000000000111111100000000000111000001000001
1111111100011111111111111111111111111111000011111111111100000000001111111100000000000111000001000000
1111111100011111111111111100001111111111000011111111111100000011111111111100000000000111000001100000
1111111100011111111111111100001111111100000011111111111100001111111111111100010001000110000001110000
1111111100011111111111111100001111111100000011111111111100001111111111111100010001000000000001110000
1111111100011111111110001000000111111100000011111111111110001111111111111100010001000000000001110000
1011111100011111111110000000000100111100000001111111111110001111110001111100010001000000000000111000
0001111100011110111110000000000100111100000001111111111110000111100001111100010001000000000000111000
0001111100011100111110000000000000010000000001111111111110000000000001111100010001100000000000000000
0001111100011000011110000001111000010000000001111111111110000000000001111100011001100000111000000000
0001111100011000011100000001111000010000000001111111111110000000000001111100011011110000111000000000
0001111100011000011100000011111000000000010001111111111110000000000001111100011111111001111100000000
0000111100011000011100000011111000010000010001111111111110000000000011111100011111111111111110000001
0000111100011000011100000011111000010000010001111111111110000000000111111110011111111111111111000011
0000111100011000011100000011111000010000010001111111111111000000001111111110011111111111111111111111
0000111100011000011100000011111000010000010000111111111111000000011111111111011111111111111111111111
0000111000011000011100000011110000010000010000111111111111000000111111111111111111111111111111111111
0000111000111000011100000011110000010000011000111111111111001111111111111111111111111111111111111111
0000010000111000011100000011110000000000011000111111111111001111111111111111111111111111111111111111
1000000000111000011000000011100000000000011000111111111111111111111111111111111111111111111111111111
1000000000111100011000000001000000000000011000111111111111111111111111111111111111111111111111111111
1100000000111100011000000000000000000000011000111111111111111111111111111111111111111111111111111111
1100000001111100000000100000000000000000011000011111111111111111111111111111111111111111111111111111
1100000001111100000000110000000110001000011100011111111111111111111111111111111111111111111111111111
1100000011111100000000110000000110001000111100111111111111111111111111111111111111111111111111111111
1110000011111100000000110000001110001000111100111111111111111111111111111111111111111111111111111111
1111000111111110000001111000001110001100111100111111111111111111111111111111111111111111111111111111
1111111111111110000001111100111110001111111111111111111111111111111111111111111111111111111111111111
1111111111111110000001111111111110001111111111111111111111111111111111111111111111111111111111111111
1111111111111111000011111111111111001111111111111111111111111111111111111111111111111111111111111111
1111111111111111100111111111111111001111111111111111111111111111111111111111111111111111111111111111

