1111111111111111111111111111111111111111111111111111111101111111111111111111111111111111111111111111
1111111111111111111111111111111111111111111111111111111000001111111111001111111111111111111111111111
1111111111111111111111111111111111111111111111111111110000000000111110001111111111111111111111111111
1111111111111001111111111111111111111111111111111111110000000000111110000111111111111111111111111111
1111111111100000011111111111111111111111111111111111110000000000011110000111111111001111111111111111
1111111111000000011111111111111111111111111111111111110000000000011110001111111110000111111111111111
1110000000000000011111111111111111111111111111111111110000000000011110000111110000000111111111111111
1100000000000000011111111111111111111111111111111111110000000000011110001111000000000111111111111111
1100000000000000011111111111111111111111111111111111110000000000011110001110000000000111111111111111
1100000000000000011111111111111111111111111111111111110001100000111110001110000000000111111111111111
1100000000000000011111111111111111111111111111111111110001111111111110001110000000000111111111111111
1000000000000010111111111111111111111111111111111111110001111111111110001100000000000111111111111111
1100000000001111111111111111111111111111111111111111110001111111111110000110000000111111111111111111
1100000000011111111111111111111111111111111111111111110001111111111110000110000011111111111111111111
1100000000011111111111111111111111111111111111111111110001111111111111000111000111111111111111111111
1110011100011111111111111111111111111111111111111111110001111111111111000111001111111111111111111111
1111111100001111111111111111111111111111111111111111110001111111111111000111111111111111111111110000
1111111100001111111111111111111111111111111111111111110001111111111111000111101111111111111111100000
1111111110001111111111111111111111111111111111111111110001111111111111000111001111111111111111100000
1111111110001111111111111111111111111111111111111111110000111111111111000111001111111111111111100000
1111111110001111111111111111111111111111111111111111110000111111111111000111000111111111100011000000
1111111110001111111111111111111111111111111111111111110000111111111111000111000111111111100011000001
1111111110001111111111111111111111111111111111111111110000111111111111000111000111000011000010000011
1111111110001111111111111111111111111111111111111111110000111101111111000111000111000011000000000111
1111111110001111111111111111111111111111111111111111111000000000111111000011000111000011000000000111
1111111110001111111111111111111111111111111111111111111000000000011111000011000110000011000000000111
1111111110001111111110011111111111111111111111111111111000000000011111000011000010000111000000000111
1111111110001111111100011111111111111111111111111111111000000000011111000011000010000111000000000011
1111111110001111111100011111111111111011111111111111111000000000011111000011000010000111000000000011
1111111110001111111100011111111111110001111111111111111000000000011111100011000010000111000010000011
1111111110001111111100011111100111100000111111111111111000000000011111100011000010000111000010000001
1111111110001111111100010111000111100000111111111111111000000000011111100011000010000111000011000001
1111111110001111111100010001000111100000111111111111111000000100011111100011000010000111000011000000
1111111110001111111100000000000011000000111111111111111000011100011111100001000010000110000011100000
1111111110001111111100000000000011000000111111111111111000011100011111100001000010000110000011100000
1111111110001100111100000000000011000000011111111111111000011111111111100001000010000100000011110000
1111111100001100111100000000000000000000011111111111111000001111111111100001000011000000000011110000
1111111100001100111100000000000000000000011111111111111100001111111111100001000011000000000011110000
1111111100001000011100000000000000000000011111111111111100000001111111100001000011000000000001111000
1111111100001000011100000010000000000000011111111111111100000000000111110000000011000000000001111000
1111111100001000111100000110000000000000011111111111111100000000000111110000100011000000000001111000
1111111100001000011100000010000000000000011111111111111100000000000111110000100111100000000001111000
1001111100001000011100000010000000000000011111111111111100000000000111110000110111100000000000110000
1000111100011000011100000000000000000100011111111111111100000000000111110000111111100000110000000000
0000111100011000011100000000000000000100011111111111111100000000000111110001111111110001110000000000
0000011100011000011000000000000000000100001111111111111100000000000111110001111111111111111000000000
0000011000011000011000000000000000000100001111111111111100000000001111110001111111111111111000000000
0000011000011000011000000000000000000100001111111111111111111111111111110001111111111111111100000001
0000010000011000000000000000000000000100001111111111111111111111111111110011111111111111111110000011
0000000000011100000000110000000000000100001111111111111111111111111111111011111111111111111111111111
1000000000011100000000110000000000000110001111111111111111111111111111111111111111111111111111111111
1000000000011100000000110000110000000110001111111111111111111111111111111111111111111111111111111111
1000000000111100000000111111110000001110001111111111111111111111111111111111111111111111111111111111
1000000000111100000001111111110001001111000111111111111111111111111111111111111111111111111111111111
1100000001111110000001111111110001111111000111111111111111111111111111111111111111111111111111111111
1100000001111110000011111111111001111111001111111111111111111111111111111111111111111111111111111111
1110000011111111000111111111111111111111101111111111111111111111111111111111111111111111111111111111
1110000011111111111111111111111111111111111111111111111111111111111111111111111111111111111111111111
1111110111111111111111111111111111111111111111111111111111111111111111111111111111111111111111111111
1111111111111111111111111111111111111111111111111111111111111111111111111111111111111111111111111111

