1111111111111111111111111111111111111111111111111111111111111111111111111111111111111111111111111111
1111111111111111111111111111111111111111111111111111111111101111111111111111111111111111111111111111
1111000000001111111111111111111111111111111111111111111111000000000111111011111111111111111111111111
1110000000000001111111111111111111111111111111111111111110000000000111110011111111111111111111111111
1110000000000000111111111111111111111111111111111111111110000000000111110001111111111111111111111111
1110000000000000011111111111111111111111111111111111111110000000000011110001111111111111111111111111
1110000000000000011111111111111111111111111111111111111110000000000011110001111100000011111111111111
1110000000000000011111111111111111111111111111111111111110000000000011110001111100000011111111111111
1110000000000000011111111111111111111111111111111111111110000000000111110001110000000011111111111111
1110000000000000011111111111111111111111111111111111111100000000000111110001110000000011111111111111
1110001110000000011111111111111111111111111111111111111110000111100111110001110000000011111111111111
1111011110001111111111111111111111111111111111111111111110001111110111110001100000000011111111111111
1111111110001111111111111111111111111111111111111111111110001111111111110001100000000011111111111111
1111111110001111111111111111111111111111111111111111111110001111111111110001100000000011111111111111
1111111110001111111111111111111111111111111111111111111110001111111111110001100000111111111111111111
1111111110001111111111111111111111111111111111111111111110001111111111110001100001111111111111111111
1111111111001111111111111111111111111111111111111111111110001111111111111001110011111111111111100011
1111111111001111111111111111111111111111111111111111111110001111111111111001110001111111111111100011
1111111111001111111111111111111111111111111111111111111110001111111111111001110001111111111111000011
1111111111001111111111111111111111111111111111111111111110001111111111111001111001111111110011000011
1111111111001111111111111111111111111111111111111111111110001111111111111001111001111001110010000111
1111111111001111111111111111111111111111111111111111111110001111111111111000111000111001100010000111
1111111111001111111111111111111111111111111111111111111110001111111111111000111000110000100000000111
1111111111001111111111111111111111111111111111111111111110001111111111111000111000110000100000001111
1111111111001111111111111111111111111111111111111111111110001111000111111000111000100000100000001111
1111111111001111111111111111111111111111111111111111111110000010000111111000111000100000100000001111
1111111111000111111111111111111000111111111111111111111110000000000111111000111000100000100010001111
1111111111000111111111111111110000011111110011111111111111000000000111111000111000100000100010000111
1111111111000111111111110111100000011111100011111111111111000000000111111000111000100001100010000111
1111111111000111111111100111000000011111100001111111111111000000000111111000111000100011100010000011
1111111111000111111111100110000000010011000001111111111111000000000111111000111000100011100010000011
1100111111000111111111100110000000010010000001111111111111000000000111111100111000100011000011000011
1100111111001111111111100110000000010010000001111111111111000000000111111100011000100011000011000001
1000111111001111001111100000000000010000000001111111111111000000000111111100011000100011000011000001
1000111111001111001111100000000000010000000001111111111111000000000111111100011000100000000011000001
1000011111001110001111100000000000010000000001111111111111000111100111111100011000100000000011100001
1000111111001110001111100000001000010000000001111111111111000111111111111100011000110000000011110001
1000111110001110001111000000001000010000000001111111111111000111111111111100011000110000000011110000
1000111110001110001111000100010000010000010001111111111111000111111111111100011000110000000011110000
1000111110001110001111000000010000010000010001111111111111000111111111111100011000110000000001111000
1000111110001110001111000000010000010000010001111111111111000111111111111100001000111000000001111000
1000111110001110001111000000010000010000010001111111111111000111111111111100001000111000000001111000
1000111110001110001111000000010000010000010001111111111111000111000001111100001000111000000001111000
1000011110001110001111000000000000010000011001111111111111100000000000111100001100111100010001110000
1000011100001110001111000100000000000000011001111111111111100000000000111100001100111111110011100001
1100011100011110001110000100000000000000011001111111111111100000000000111110001111111111111011000001
1100011100011110001110000100000000001000011001111111111111100000000000111110001111111111111111000001
1100011100011110001110000100000000001000011001111111111111100000000000111110001111111111111110000001
1100001000011110000100001100000010000000011001111111111111100000000001111110001111111111111110000011
1100000000011110000000001110000010000000011001111111111111100000000001111110001111111111111110000011
1100000000111110000000001110000110000000111000111111111111110000001111111110011111111111111110000111
1100000000111111000000001110000110001000111000111111111111110000111111111110011111111111111111111111
1110000000111111000000011111111110001000111000111111111111111011111111111111111111111111111111111111
1110000000111111000000011111111110001000111000111111111111111011111111111111111111111111111111111111
1110000001111111000000111111111110001000111000111111111111111111111111111111111111111111111111111111
1111000001111111100000111111111111111000111101111111111111111111111111111111111111111111111111111111
1111000001111111100000111111111111111100111101111111111111111111111111111111111111111111111111111111
1111100011111111110001111111111111111111111101111111111111111111111111111111111111111111111111111111
1111111111111111111111111111111111111111111111111111111111111111111111111111111111111111111111111111
1111111111111111111111111111111111111111111111111111111111111111111111111111111111111111111111111111

