1111111111111111111111111111111111111111111111111111111111111111111111111111111111111111111111111111
1111111111111111111111110111111111111111111111111111111111111111111111111111111111111111111111111111
1111111111111111111111110011111111111111111111111111111111111111111111111111111111111111111111111111
1111111111111111111111100001111111111111111111111111111111111111111111111111111111111111111111111111
1111111111111111111111100001111111111111111111111111111111111111111111111111111111111111111111111111
1111111111111111111111100001111111111111111111111111111111111111111111111111111111111111111111111111
1111111111111111111111100001111111111111111111111111111111111111111111111111111111111111111111111111
1111111111111111111111100001111111111111111111111111111111111111111111111111111111111111111111111111
1111111111111111111111100001111111111111111111111111111111111111111111111111111111111111111111111111
1111111111111111111111100001111111111111111111111111111111111111111111111111111111111111111111111111
1111111111111111111111100001111111111111111111111111111111111111111111111111111111111111111111111111
1111111111111111111111000001111111111111111111111111111111111111111111111111111111111111111111111111
1111111111111111111111000001111111111111111111111111111111111111111111111111111111111111111111111111
1111111111111111111111000001111111111111111111111111111111111111111111111111111111111111111111111111
1111111111111111111111000001111111111111111111111111111111111111111111111111111111111111111111111111
1111111111111111111111000001111111111111111111111111111111111111111111111111111111111111111111111111
1111111111111111111111000001111111111111111111111111111111111111111111111111111111111111111111111111
1111111111111111111111000001111111111111111111111111111111111111111111111111111111111111111111111111
1111111111111111111111000001111111111111111111111111111111111111111111111111111111111111111111111111
1111111111111111111110000000111111111111111111111111111111111111111111111111111111111111111111111111
1111111111111111111110001000111111111111111111111111111111111111111111111111111111111001111111111111
1111111111111111111110001000111111111111111111111111111111111111111111111111111111110000111111111111
1111111111111111111110001000111111111111111111111111111111111111111111111111111111100000111111111111
1111111111111001111110011000111111111111111111111111111111111111111111111111111111000000011111111111
1111111111111000111100011000111111111111111111111111111000011111111111111111111100000000011111111111
1111111111111000111100011000111111111111111111111111110000001111111001111111111100000100011111111111
1111111111111000111100011000111111111111111111111111110000001111110000111111111000001100011111111111
1111111111111000111100011000111111111111111111111111100000001111110000111111111000001100011111111111
1111111111111000111100011000111111111111111111111111100011111111100000111111110000001100011111111111
1111111111111000111100111000111111111111111111111111000011111111000000111111110000011100011111111111
1111111111111000111000111000111111111111111111111111000111111111000000111111100000011100011111111111
1111111111111000111000111000111111111111111111111111000111111110000001111111100000111100011111111111
1111111111111000111000111000111111111111111110001110001111111110000011111111000001111100111111111111
1111111111111000111000111000111111111111000010001110001111111100000111111111000011111000111111111111
1111111111111000110000111100111111111110000000000100001111111100001111111111000011111000111111111111
1111111111111000110000111100111111111100000000000100001111111000001111111110000111110000111111111111
1111111111111000110001111100111111111000000000000000011111111000011111111110000111110001111111111111
1111111111111000100001111100011111110000000001000000011111110000111111111110001111110001111111111111
1111111111110000000001111100011111100000000001000000011111110000111111111100001111100011111111111111
1111111111110000000001111100011111100000000001100000011111110001111111111100001111000011111111111111
1111111111110000000011111100011111000000000011100000011111100001111111111100011111000111111111111111
1111111111110000000011111100011111000000000011110000111111100011111111111100011110000111111111111111
1111111111110000000011111110001110000000000011110000111111100011111111111100011100001111111111111111
1111111111100000000111111110001110000010000001100000111111100011110111111000111100001111111111111111
1111111111100000000111111110001110000100000000000000111111100011100011111000111000011111111111111111
1111111111100010000111111110000110001000000000000000111111100010000111111000110000111111111111111111
1111111111100011011111111111000110000000010000001000111111100000001111111000100000111111111111111111
1111111111000011111111111111000110000000011000011000111111100000001111111000000001111111111111111111
1111111111000111111111111111000010000000111111111111111111110000011111111000000011111111111111111111
1111111111000111111111111111100010000000111111111111111111110001111111111000000011111111111111111111
1111111110000111111111111111100011000001111111111111111111111111111111111000000111111111111111111111
1111111110000111111111111111110011000011111111111111111111111111111111111100001111111111111111111111
1111111111001111111111111111111111111111111111111111111111111111111111111111111111111111111111111111
1111111111001111111111111111111111111111111111111111111111111111111111111111111111111111111111111111
1111111111111111111111111111111111111111111111111111111111111111111111111111111111111111111111111111
1111111111111111111111111111111111111111111111111111111111111111111111111111111111111111111111111111
1111111111111111111111111111111111111111111111111111111111111111111111111111111111111111111111111111
1111111111111111111111111111111111111111111111111111111111111111111111111111111111111111111111111111
1111111111111111111111111111111111111111111111111111111111111111111111111111111111111111111111111111
1111111111111111111111111111111111111111111111111111111111111111111111111111111111111111111111111111
