1111111111111111111111111111111111111111111111111111111111111111111111111111111111111111111111111111
1111111111111111111111111111111111111111111111111111111111111111111111111111111111111111111111111111
1111111111111111111111111111111111111111111111111111111111111111111111111111111111111111111111111111
1111111111111111111111111111111111111111111111111111111111111111111111111111111111111111111111111111
1111111111111111111000111111111111111111111111111111111111111111111111111111111111111111111111111111
1111111111111111110000111111111111111111111111111111111111111111111111111111111111111111111111111111
1111111111111111110000111111111111111111111111111111111111111111111111111111111111111111111111111111
1111111111111111110000111111111111111111111111111111111111111111111111111111111111111111000011111111
1111111111111111110000111111111111111111111111111111111111111111111111100011111111111110000001111111
1111111111111111110000111111111111111111111111111111111111111111111111000011111111111100000000111111
1111111111111111110000111111111111111111111111111111111111111111111111000001111111111000000000111111
1111111111111111110000111111111111111111111111111111111111111111111110000001111111110000011000111111
1111111111111111110000111111111111111111111111111111111111111111111100000011111111100001111100111111
1111111111111111111000111111111111111111111111111111111111111111111100000011111111100001111100011111
1111111101111111111000111111111111111111111111111111111111111111111000000111111111100000111100011111
1111111000011111111000111111111111111111111111111111111111111111111000001111111111000000111100011111
1111111000011111111000111111111111111111111111111111111111111111110000011111111111000000111100011111
1111111000011111111000111111111111111111111111111111111111111111110000111111111110000001111100011111
1111111000011111110000111111111111111111111111111111111111111111100001111111111110000001111100011111
1111111000011111110000011111111111111111111111111111111111111111100001111111111100000011111100011111
1111111100001111110000011111111111111111111111111111111111111111100011111111111100000111111100011111
1111111100001111110000011111111111111111111111111111111101111111000011111111111000001111111000011111
1111111100001111110000011111111111111111111111111111110001111111000111111111111000011111111000011111
1111111100001111110000011111111111111111111111111111100001111110000111111111110000011111111000111111
1111111110001111110000011111111111111111111111111111000001111110000111111111110000111111111000111111
1111111110001111110000011111111111111111111111111111000011111110001111111111100000111111110000111111
1111111110001111100000011111111111111111111111111110000111111100001111111111100001111111110000111111
1111111110001111100000011111111111111111111111111110001111111100011111111111100001111111110001111111
1111111110000111100000011111111111111111111111111100001111111100011111111111000011111111100001111111
1111111110000111100000011111111111111111111111111100011111111000011111111111000011111111100001111111
1111111110000111100000011111111111111111110011111000011111111000111111111111000111111111000011111111
1111111110000111100000011111111111100001100001111000111111111000111111111110000111111111000011111111
1111111110000111100000011111111111000000000001110000111111110000111111111110000111111110000111111111
1111111110000111100000011111111111000000000000110000111111110001111111111110001111111100000111111111
1111111110000011000000011111111110000000000000110001111111110001111111111100001111111100001111111111
1111111110000011000100001111111100000000000000000001111111110001111111111100001111111000001111111111
1111111110000011000110001111111000000000001000000001111111110001111111111100011111110000011111111111
1111111110000011000110001111111000000000001000000001111111100011111111111000011111110000111111111111
1111111110000011000110001111110000001000001100000011111111100011111111111000011111100001111111111111
1111111110000000000110001111110000011000011100000011111111100011111111111000111111000001111111111111
1111111100000000000110001111110000111000011110000011111111100011111111111000111110000011111111111111
1111111100000000001110001111100001111000011110000011111111100011111111111000111100000111111111111111
1111111100010000001110001111100001111000011110000011111111100011111111111000110000001111111111111111
1111111100010000001110001111000011110000001110000011111111100011111111111000000000011111111111111111
1111111100010000001111000111000111110000000110000011111111100011111111111000000000111111111111111111
1111111000011000011111000111000111100000000011000111111111100011111111111100000001111111111111111111
1111111000011000011111000110000111100010000011101111111111100011100111111110000011111111111111111111
1111111000111000011111100010001111000111000011111111111111100000001111111111000111111111111111111111
1111111000111110111111100010001110001111111111111111111111110000011111111111111111111111111111111111
1111110000111111111111100000001110011111111111111111111111111000111111111111111111111111111111111111
1111110000111111111111110000001100011111111111111111111111111111111111111111111111111111111111111111
1111100001111111111111110000000000111111111111111111111111111111111111111111111111111111111111111111
1111100001111111111111111100000011111111111111111111111111111111111111111111111111111111111111111111
1111000001111111111111111110000111111111111111111111111111111111111111111111111111111111111111111111
1111000011111111111111111111111111111111111111111111111111111111111111111111111111111111111111111111
1111000011111111111111111111111111111111111111111111111111111111111111111111111111111111111111111111
1111100111111111111111111111111111111111111111111111111111111111111111111111111111111111111111111111
1111111111111111111111111111111111111111111111111111111111111111111111111111111111111111111111111111
1111111111111111111111111111111111111111111111111111111111111111111111111111111111111111111111111111
1111111111111111111111111111111111111111111111111111111111111111111111111111111111111111111111111111
