1111111111111111111111111111111111111111111111111111111111111111111111111111111111111111111111111111
1111111111111111111111111111111111111111111111111111111111111111111111111111111111111111111111111111
1111111111111111101111111111111111111111111111111111111111111111111111111111111111111111111111111111
1111111111111111000111111111111111111111111111111111111111111111111111111111111111111111111111111111
1111111111111111000011111111111111111111111111111111111111111111111111111111111111111111111111111111
1111111111111111000011111111111111111111111111111111111111111111111111111111111111111111111111111111
1111111111111111000011111111111111111111111111111111111111111111111111111111111111111111111111111111
1111111111111111000011111111111111111111111111111111111111111111111111111111111111111111111111111111
1111111111111111000011111111111111111111111111111111111111111111111111111111111111111111111111111111
1111111111111111000001111111111111111111111111111111111111111111111111111111111111111111111111111111
1111111111111111100001111111111111111111111111111111111111111111111111111111111111111111111111111111
1111111111111111100001111111111111111111111111111111111111111111111111111111111111111111111111111111
1111111111111111100001111111111111111111111111111111111111111111111111111111111111111111100001111111
1111111111111111100001111111111111111111111111111111111111111111111111111111111111111111000000111111
1111111111111111100001111111111111111111111111111111111111111111111100111111111111111100000000111111
1111111111111111110001111111111111111111111111111111111111111111111000011111111111111100000000111111
1111111111111111110001111111111111111111111111111111111111111111110000011111111111111000001100011111
1111111111111111110001111111111111111111111111111111111111111111110000011111111111111000001100011111
1111111111111111110000111111111111111111111111111111111111111111100000011111111111110000001100011111
1111111111111111110000111111111111111111111111111111111111111111100000111111111111110000011100011111
1111111111111111110000111111111111111111111111111111111111111111000001111111111111100000011100011111
1111111111111111111000111111111111111111111111111111111111111111000011111111111111100000111100011111
1111111111111111110000111111111111111111111111111111111111111110000111111111111111100001111100011111
1111111111111111110000111111111111111111111111111111111111111110000111111111111111000011111100011111
1111111111111111110000111111111111111111111111111111111111111100001111111111111111000011111000011111
1111111111111111110000111111111111111111111111111111111111111100001111111111111110000111111000111111
1111111111111111110000111111111111111111111111111111111111111100011111111111111110000111111000111111
1111111111111111110000011111111111111111111111111111111111111000011111111111111100001111111000111111
1111111111111111110000011111111111111111111111111111111111111000111111111111111100001111110000111111
1111111111111111110000011111111111111111111111111111101111110000111111111111111100011111110001111111
1111111111111111110000011111111111111111111111111110001111110001111111111111111000011111100001111111
1111111111111111100000011111111111111111111111111110000111110001111111111111111000011111100001111111
1111111111111111100000011111111111111111111111111100000111100001111111111111110000111111000011111111
1111111110000111100000011111111111111111111111111100001111100011111111111111110000111110000111111111
1111111110000111100000011111111111111111111111111100011111100011111111111111110001111100000111111111
1111111110000111100010011111111111111111111111111000011111100011111111111111100001111100001111111111
1111111110000111000010001111111111110000101111111000011111000011111111111111100001111000011111111111
1111111110000111000010001111111111100000000011110000111111000111111111111111100011110000111111111111
1111111110000011000110001111111111000000000011110000111111000111111111111111100011100000111111111111
1111111110000010000110001111111110000000000001100001111111000111111111111111000011000001111111111111
1111111110000010000110001111111110000000000000000001111111000111111110011111000010000011111111111111
1111111110000000001111001111111100000000000000000011111111000011111100111111000000000111111111111111
1111111110000000001111000111111100000000010000000011111111100001110000111111100000001111111111111111
1111111110000000001111000111111000000000011000000111111111100000000001111111100000011111111111111111
1111111110000000011111000111111000100000011000000111111111110000000011111111110000111111111111111111
1111111110000000011111000111110000100000011100001111111111111000000111111111111111111111111111111111
1111111100000000111111100011110001000000000100001111111111111111111111111111111111111111111111111111
1111111100000000111111100011110001000000000111011111111111111111111111111111111111111111111111111111
1111111100001011111111100011100000000110000111111111111111111111111111111111111111111111111111111111
1111111100011111111111110001100000001111001111111111111111111111111111111111111111111111111111111111
1111111000011111111111110001100000001111111111111111111111111111111111111111111111111111111111111111
1111111000011111111111111000100000011111111111111111111111111111111111111111111111111111111111111111
1111110000011111111111111000010000111111111111111111111111111111111111111111111111111111111111111111
1111110000011111111111111100001111111111111111111111111111111111111111111111111111111111111111111111
1111111000011111111111111100000111111111111111111111111111111111111111111111111111111111111111111111
1111111000011111111111111110000111111111111111111111111111111111111111111111111111111111111111111111
1111111111111111111111111111000111111111111111111111111111111111111111111111111111111111111111111111
1111111111111111111111111111111111111111111111111111111111111111111111111111111111111111111111111111
1111111111111111111111111111111111111111111111111111111111111111111111111111111111111111111111111111
1111111111111111111111111111111111111111111111111111111111111111111111111111111111111111111111111111
