1111111111111111111111111111111111111111111111111111111111111111111111111111111111111111111111111111
1111111111111111111111111111111111111111111111111111111111111111111111111111111111111111111111111111
1111111111111111111111110111111111111111111111111111111111111111111111111111111111111111111111111111
1111111111111111111111100011111111111111111111111111111111111111111111111111111111111111111111111111
1111111111111111111111100001111111111111111111111111111111111111111111111111111111111111111111111111
1111111111111111111111100001111111111111111111111111111111111111111111111111111111111111111111111111
1111111111111111111111100001111111111111111111111111111111111111111111111111111111111111111111111111
1111111111111111111111100001111111111111111111111111111111111111111111111111111111111111111111111111
1111111111111111111111100001111111111111111111111111111111111111111111111111111111111111111111111111
1111111111111111111111100001111111111111111111111111111111111111111111111111111111111111110001111111
1111111111111111111111100001111111111111111111111111111111111111111111111111111111111111100001111111
1111111111111111111111000001111111111111111111111111111111111111111111111111111111111111100000111111
1111111111111111111111000001111111111111111111111111111111111111111111111111111111111111000000111111
1111111111111111111111000001111111111111111111111111111111111111111111111111111111111001000000111111
1111111111111111111111000001111111111111111111111111111111111111111111111111111111111000111100111111
1111111111111111111111000001111111111111111111111111111111111111111111111111111111110000011100111111
1111111111111111111111000001111111111111111111111111111111111111111111111111111111100000011100111111
1111111111111111111111000001111111111111111111111111111111111111111111111111111111000000011100111111
1111111111111111111110000001111111111111111111111111111111111111111111111111111110000000011100111111
1111111111111111111110000001111111111111111111111111111111111111111111111111111110000000111100111111
1111111111110011111110000001111111111111111111111111111111111111111100111111111100000000111100111111
1111111111100001111110000001111111111111111111111111111111111111111000011111111100000011111100111111
1111111111100001111110010001111111111111111111111111111111000111111000011111111000000111111000111111
1111111111100001111110010001111111111111111111111111111111000111110000011111111000001111111000111111
1111111111100001111100010001111111111111111111111111111110000111110000011111110000011111111000111111
1111111111100001111100010001111111111111111111111111111100000111100000011111110000011111111000111111
1111111111100001111100010001111111111111111111111111111100001111100000011111100000111111111000111111
1111111111100001111100010001111111111111111111111111111000011111000000111111100001111111110000111111
1111111111110001111100011001111111111111111111111111111000011111000001111111100001111111110001111111
1111111111110001111000111000111111111111111111111111110000111110000001111111100001111111110001111111
1111111111110001111000111000111111111111111111000111110000111110000011111111000011111111100001111111
1111111111110001111000111000111111111111111111000011100001111110000111111111000011111111100011111111
1111111111110001111000111000111111111111011111000011100001111110000111111111000111111111000011111111
1111111111110001111000111000111111111110000111000001100011111100001111111111000111111111000011111111
1111111111110000111000111000111111111100000011000001000011111100001111111111000111111111000111111111
1111111111110000111000111000111111111000000001000000000011111100001111111111000111111110000111111111
1111111111100000110000111000111111110000000001100000000111111100011111111111000111111110001111111111
1111111111100000110000111000111111110000000000110000000111111100011111111110001111111100001111111111
1111111111100000110001111000111111100000000000110000000111111100011111111110001111111100001111111111
1111111111100000110001111100111111100000000000111000000111111000011111111110001111111000011111111111
1111111111100000110001111100011111000000000000111000001111111000111111111110001111110000111111111111
1111111111100000000001111100011111000001100001111000001111111000111111111111001111110000111111111111
1111111111100000000001111100011111000011100001111000001111111000111111111111001111100001111111111111
1111111111100000000001111100011110000111000001111000001111111000111111111111000111000001111111111111
1111111111000000000011111100011110000111000011111100011111111100111111111111000111000011111111111111
1111111111000100000011111100001110000111000011101100011111111100011111111111000110000011111111111111
1111111111000110000011111110001110001110000000001110011111111100000011111111100000000111111111111111
1111111111000110000111111110001110001100000000001111111111111110000111111111100000001111111111111111
1111111110000111000111111110001110001100000000001111111111111110001111111111100000011111111111111111
1111111110000111101111111110000111000000011000011111111111111111111111111111110000111111111111111111
1111111110001111111111111111000111000000011111111111111111111111111111111111111111111111111111111111
1111111100001111111111111111000111000000111111111111111111111111111111111111111111111111111111111111
1111111100001111111111111111000011100001111111111111111111111111111111111111111111111111111111111111
1111111000011111111111111111000011111011111111111111111111111111111111111111111111111111111111111111
1111111000011111111111111111100111111111111111111111111111111111111111111111111111111111111111111111
1111111000011111111111111111111111111111111111111111111111111111111111111111111111111111111111111111
1111111000011111111111111111111111111111111111111111111111111111111111111111111111111111111111111111
1111111100111111111111111111111111111111111111111111111111111111111111111111111111111111111111111111
1111111111111111111111111111111111111111111111111111111111111111111111111111111111111111111111111111
1111111111111111111111111111111111111111111111111111111111111111111111111111111111111111111111111111
